element_id,Stress
1, 322.581
1, 316.85452
1, 308.68048
1, 291.35117
1, 318.43314
1, 329.89212
1, 302.65894
1, 293.4673
2, 252.01277
2, 216.23186
2, 263.3
2, 242.80534
2, 274.82388
2, 221.54283
2, 275.18564
2, 238.26596
3, 311.29962
3, 322.34738
3, 244.65585
3, 309.29675
3, 285.2254
3, 315.20523
3, 283.23315
3, 314.90915
4, 297.58362
4, 293.0456
4, 312.95917
4, 316.42078
4, 336.02777
4, 327.90985
4, 334.3026
4, 338.24228
5, 342.6047
5, 363.67874
5, 323.56454
5, 336.4856
5, 338.67215
5, 363.72693
5, 338.78064
5, 342.94513
6, 331.19687
6, 309.14377
6, 299.0231
6, 288.3409
6, 340.67764
6, 321.28873
6, 300.01227
6, 321.2881
7, 284.86786
7, 284.36996
7, 267.76862
7, 260.2573
7, 308.9977
7, 319.15265
7, 287.99475
7, 297.138
8, 278.29703
8, 302.744
8, 250.0948
8, 267.6141
8, 247.14548
8, 299.167
8, 247.66653
8, 281.96216
9, 377.47668
9, 394.51886
9, 372.2986
9, 374.42712
9, 386.09274
9, 383.2966
9, 375.75
9, 363.2974
10, 346.3602
10, 333.02356
10, 351.34656
10, 328.4373
10, 331.88016
10, 339.31097
10, 326.19925
10, 328.3048
11, 269.66098
11, 261.81494
11, 258.9296
11, 255.21237
11, 280.9251
11, 271.09265
11, 275.07248
11, 252.11435
12, 302.20218
12, 288.4229
12, 279.72223
12, 264.71082
12, 300.13773
12, 270.06317
12, 276.81992
12, 247.30449
13, 274.53665
13, 225.2508
13, 269.0519
13, 217.41095
13, 275.48526
13, 238.56458
13, 268.1196
13, 233.60765
14, 266.67386
14, 301.7415
14, 292.3064
14, 313.4302
14, 272.43597
14, 304.52124
14, 270.3029
14, 297.89847
15, 273.5997
15, 282.42795
15, 293.14224
15, 289.83743
15, 299.3325
15, 314.7728
15, 295.19308
15, 309.51764
16, 306.22534
16, 303.70804
16, 323.12576
16, 326.0956
16, 323.98004
16, 328.1697
16, 343.19412
16, 348.24054
17, 353.3136
17, 333.81442
17, 348.9202
17, 312.66003
17, 371.41458
17, 349.48935
17, 364.96384
17, 336.18915
18, 276.58435
18, 277.41394
18, 255.07596
18, 257.4354
18, 292.98767
18, 307.32263
18, 286.0873
18, 290.43182
19, 238.70726
19, 249.8831
19, 215.62775
19, 224.75728
19, 266.0542
19, 297.85742
19, 243.87273
19, 258.67752
20, 410.708
20, 389.60184
20, 403.52615
20, 393.42783
20, 406.13104
20, 377.75705
20, 392.72205
20, 389.8077
21, 370.01584
21, 348.82605
21, 308.5122
21, 340.47012
21, 322.68112
21, 326.87875
21, 360.65182
21, 337.17444
22, 332.025
22, 302.63937
22, 281.16873
22, 299.05667
22, 318.8038
22, 313.3098
22, 291.60284
22, 289.87396
23, 219.34955
23, 220.7361
23, 211.40388
23, 212.86597
23, 265.22342
23, 271.14496
23, 252.7307
23, 265.3434
24, 322.58325
24, 359.47003
24, 317.8502
24, 371.53784
24, 321.86295
24, 373.92883
24, 331.3688
24, 394.44223
25, 220.06308
25, 295.47125
25, 213.093
25, 276.874
25, 282.24475
25, 308.33185
25, 300.70657
25, 304.09723
26, 294.0936
26, 271.18793
26, 258.72662
26, 268.58426
26, 284.23892
26, 292.64682
26, 240.51726
26, 271.33392
27, 278.80267
27, 261.66953
27, 272.07153
27, 261.55576
27, 281.68036
27, 257.60065
27, 288.80276
27, 268.1793
28, 371.5849
28, 356.1243
28, 378.23755
28, 372.24054
28, 364.45016
28, 379.01425
28, 377.92673
28, 391.1137
29, 194.15405
29, 208.99394
29, 243.6646
29, 256.85858
29, 223.8183
29, 216.67412
29, 269.03387
29, 250.529
30, 229.30423
30, 235.79951
30, 270.73718
30, 277.0456
30, 243.81026
30, 246.30078
30, 281.1958
30, 282.27734
31, 263.23816
31, 259.02863
31, 274.213
31, 300.55847
31, 251.86263
31, 280.43448
31, 265.00308
31, 278.28317
32, 385.90747
32, 359.2368
32, 346.0175
32, 316.3797
32, 409.3166
32, 374.92484
32, 363.51718
32, 342.83328
33, 324.8373
33, 269.84976
33, 285.51077
33, 229.63399
33, 356.4615
33, 295.2277
33, 327.8004
33, 264.33124
34, 276.6647
34, 281.0571
34, 274.48962
34, 279.04547
34, 281.07645
34, 267.03232
34, 273.23798
34, 260.34103
35, 253.59424
35, 249.45961
35, 260.89066
35, 263.70398
35, 236.28506
35, 225.38596
35, 249.98589
35, 240.90224
36, 198.29308
36, 169.23976
36, 206.62115
36, 163.84537
36, 163.41103
36, 132.69673
36, 174.10811
36, 138.75914
37, 386.436
37, 378.11282
37, 395.2542
37, 373.62393
37, 353.5106
37, 367.81607
37, 383.32153
37, 344.8458
38, 262.77832
38, 283.30383
38, 223.53792
38, 259.9599
38, 286.05258
38, 303.55063
38, 208.71039
38, 252.43051
39, 283.7335
39, 292.83566
39, 254.51715
39, 306.22122
39, 259.5961
39, 280.02805
39, 249.48993
39, 291.69162
40, 241.41464
40, 230.7324
40, 253.86903
40, 238.81134
40, 210.64346
40, 212.00159
40, 223.6697
40, 221.28015
41, 225.75424
41, 240.57404
41, 222.35597
41, 221.49261
41, 220.69577
41, 241.10216
41, 220.95406
41, 227.54863
42, 283.58453
42, 278.83786
42, 281.04675
42, 288.20923
42, 280.40115
42, 280.91138
42, 277.59924
42, 286.67288
43, 331.3762
43, 355.63522
43, 342.93228
43, 352.54156
43, 328.52948
43, 343.3488
43, 344.6878
43, 350.3291
44, 302.5265
44, 291.07495
44, 330.3942
44, 311.41348
44, 300.2161
44, 294.7801
44, 328.75024
44, 316.14188
45, 312.16846
45, 311.81677
45, 310.15277
45, 291.36047
45, 295.63257
45, 324.46097
45, 293.9813
45, 311.6687
46, 292.68097
46, 280.37064
46, 267.2798
46, 250.49287
46, 320.72543
46, 305.9823
46, 289.26007
46, 284.07556
47, 275.18903
47, 290.02615
47, 246.96468
47, 268.35898
47, 315.1819
47, 308.27277
47, 291.3474
47, 277.42236
48, 329.99002
48, 328.17294
48, 341.17508
48, 346.89636
48, 352.66513
48, 330.90216
48, 353.70535
48, 357.9887
49, 354.0047
49, 310.07483
49, 342.9229
49, 267.1223
49, 385.21423
49, 335.6312
49, 374.0914
49, 296.0726
50, 296.94815
50, 317.08276
50, 259.13495
50, 315.08395
50, 316.27045
50, 322.5568
50, 295.0708
50, 299.88077
51, 175.26463
51, 177.5968
51, 179.49138
51, 187.23692
51, 155.13345
51, 155.65166
51, 164.68625
51, 173.69722
52, 300.40625
52, 304.83896
52, 283.61963
52, 299.17047
52, 288.99268
52, 292.88623
52, 273.4667
52, 282.89047
53, 155.45496
53, 145.7249
53, 160.89009
53, 147.395
53, 146.38788
53, 131.10474
53, 145.38269
53, 130.53746
54, 357.8628
54, 320.72253
54, 346.49393
54, 290.76282
54, 333.49533
54, 305.59995
54, 321.78583
54, 281.49768
55, 315.10022
55, 323.46518
55, 297.56094
55, 315.90967
55, 312.12543
55, 300.38
55, 293.97226
55, 295.69724
56, 289.18668
56, 293.34885
56, 309.28165
56, 333.51773
56, 308.83716
56, 299.52655
56, 329.27142
56, 325.07803
57, 244.19392
57, 251.7214
57, 272.39734
57, 297.03262
57, 232.1835
57, 239.55757
57, 272.80515
57, 295.82858
58, 271.20596
58, 252.80875
58, 299.35764
58, 294.85944
58, 286.59387
58, 286.3114
58, 308.60706
58, 346.959
59, 359.5479
59, 348.94675
59, 350.71423
59, 342.8433
59, 372.74777
59, 364.74847
59, 339.18152
59, 329.15036
60, 294.4688
60, 307.23492
60, 317.39944
60, 322.99548
60, 321.78598
60, 313.87292
60, 318.20404
60, 312.7003
61, 260.76706
61, 202.1603
61, 284.66928
61, 225.4808
61, 278.44998
61, 245.95364
61, 279.94708
61, 248.60254
62, 222.19289
62, 255.3625
62, 214.90186
62, 240.14705
62, 263.50214
62, 270.0692
62, 243.22661
62, 234.95035
63, 217.98428
63, 218.40944
63, 255.933
63, 259.374
63, 233.10393
63, 209.67514
63, 243.65752
63, 237.66638
64, 265.55667
64, 262.71872
64, 242.88815
64, 235.05634
64, 259.06757
64, 261.8491
64, 235.47253
64, 240.35739
65, 217.18295
65, 256.7887
65, 234.27538
65, 261.16492
65, 227.91287
65, 246.5494
65, 232.38213
65, 253.00969
66, 307.52643
66, 325.13937
66, 338.31732
66, 332.21652
66, 284.4596
66, 325.59583
66, 310.8301
66, 345.17426
67, 322.22247
67, 305.16373
67, 290.73828
67, 267.2133
67, 320.6303
67, 305.56018
67, 292.66437
67, 276.74966
68, 330.9929
68, 356.19778
68, 302.5031
68, 346.434
68, 334.28247
68, 365.28696
68, 323.88623
68, 366.7846
69, 276.15637
69, 269.878
69, 276.89423
69, 267.84756
69, 331.89948
69, 335.44153
69, 317.82407
69, 321.96732
70, 310.42606
70, 295.218
70, 316.2915
70, 331.07935
70, 324.32227
70, 308.6758
70, 302.47943
70, 307.6128
71, 303.95825
71, 309.12665
71, 343.48618
71, 344.76102
71, 300.31433
71, 280.328
71, 359.51266
71, 335.14334
72, 292.33026
72, 283.72467
72, 295.92587
72, 293.12952
72, 266.71533
72, 261.4968
72, 294.82455
72, 281.84332
73, 258.65515
73, 222.87756
73, 239.1652
73, 220.13338
73, 230.18593
73, 190.5986
73, 209.01547
73, 211.37622
74, 229.32281
74, 263.9224
74, 221.57185
74, 245.91554
74, 221.97054
74, 247.9745
74, 209.37152
74, 236.37369
75, 270.9771
75, 272.5904
75, 269.1404
75, 262.06714
75, 293.7059
75, 288.02856
75, 271.9959
75, 264.80463
76, 284.23447
76, 249.07582
76, 245.74088
76, 218.12836
76, 265.75836
76, 242.20761
76, 234.29271
76, 223.61049
77, 337.3949
77, 336.70862
77, 325.9937
77, 327.3933
77, 339.49918
77, 329.00256
77, 328.6214
77, 322.19644
78, 351.3721
78, 366.11414
78, 369.72464
78, 428.19937
78, 351.82367
78, 373.032
78, 381.128
78, 406.24667
79, 277.49686
79, 308.62033
79, 332.06332
79, 363.32562
79, 282.5712
79, 311.56467
79, 345.87534
79, 383.39035
80, 283.1358
80, 281.82657
80, 328.23828
80, 323.04086
80, 214.34521
80, 207.26585
80, 323.5048
80, 322.4767
81, 272.11603
81, 252.61093
81, 298.09305
81, 314.2851
81, 211.09575
81, 248.59491
81, 272.48373
81, 285.77615
82, 346.07126
82, 280.3349
82, 379.11664
82, 315.94308
82, 370.28644
82, 340.71884
82, 396.00143
82, 372.62158
83, 277.05942
83, 286.43823
83, 304.18878
83, 301.2962
83, 323.83408
83, 292.13486
83, 332.87854
83, 292.9083
84, 263.2679
84, 263.79843
84, 244.1365
84, 292.99606
84, 227.21295
84, 249.21048
84, 265.40106
84, 274.52774
85, 249.76758
85, 217.57205
85, 291.1814
85, 270.345
85, 240.89586
85, 233.13727
85, 285.37137
85, 283.2099
86, 260.98456
86, 251.19383
86, 284.63293
86, 246.60904
86, 274.8883
86, 256.98248
86, 287.30896
86, 253.03484
87, 275.6474
87, 258.55017
87, 274.34186
87, 252.72928
87, 261.79974
87, 249.14629
87, 260.18494
87, 239.91281
88, 335.73886
88, 311.71155
88, 310.92844
88, 296.38675
88, 339.4333
88, 317.04178
88, 330.37967
88, 315.35306
89, 338.1052
89, 331.0461
89, 370.1055
89, 354.30557
89, 371.17004
89, 374.06946
89, 373.76584
89, 366.762
90, 445.37442
90, 441.8047
90, 419.5819
90, 425.4127
90, 459.16437
90, 451.03134
90, 454.45206
90, 444.49216
91, 284.0551
91, 275.72247
91, 242.79478
91, 220.86101
91, 264.62225
91, 262.21994
91, 246.83731
91, 281.83508
92, 281.97598
92, 295.916
92, 332.3898
92, 320.94116
92, 264.65588
92, 285.7204
92, 321.6945
92, 321.54303
93, 218.58627
93, 179.86345
93, 230.42436
93, 197.91487
93, 225.13809
93, 150.24684
93, 223.97968
93, 160.18945
94, 332.48926
94, 272.74344
94, 370.1053
94, 324.39804
94, 300.93347
94, 264.80194
94, 353.4707
94, 332.47186
95, 230.66756
95, 229.38313
95, 272.43155
95, 273.72638
95, 238.10893
95, 247.13858
95, 276.71774
95, 285.06207
96, 270.288
96, 310.9474
96, 294.7763
96, 311.2334
96, 261.74292
96, 312.18045
96, 297.11948
96, 320.34485
97, 230.33769
97, 215.54709
97, 238.40492
97, 256.0296
97, 273.23462
97, 265.03012
97, 309.46628
97, 310.6852
98, 318.6653
98, 285.43198
98, 335.07663
98, 325.71478
98, 303.36166
98, 297.83524
98, 339.31757
98, 325.46964
99, 314.64746
99, 334.66498
99, 313.0937
99, 325.13937
99, 333.61185
99, 349.3118
99, 335.82797
99, 344.29825
100, 191.77263
100, 197.33542
100, 302.37088
100, 327.62946
100, 219.17978
100, 239.0158
100, 327.50204
100, 350.45865
101, 263.03427
101, 361.90326
101, 395.7803
101, 450.6143
101, 287.96497
101, 391.98975
101, 421.95923
101, 460.0542
102, 310.79712
102, 385.32217
102, 317.9661
102, 379.67505
102, 385.38223
102, 412.20096
102, 347.439
102, 388.80637
103, 197.05496
103, 149.99167
103, 210.79051
103, 161.04605
103, 192.10722
103, 166.3827
103, 168.54214
103, 153.41357
104, 281.4965
104, 290.201
104, 311.0445
104, 340.81796
104, 282.1245
104, 308.01752
104, 300.69098
104, 344.36426
105, 252.07358
105, 263.21484
105, 279.55182
105, 289.46146
105, 237.39008
105, 266.17447
105, 290.00763
105, 316.86948
106, 259.12262
106, 260.1192
106, 257.15228
106, 254.59357
106, 268.19016
106, 257.53824
106, 271.53928
106, 263.75455
107, 282.8934
107, 225.11763
107, 248.0441
107, 188.35045
107, 281.6347
107, 218.86032
107, 246.3572
107, 191.16211
108, 378.93573
108, 328.4895
108, 382.1191
108, 352.59695
108, 350.37665
108, 327.26227
108, 373.2462
108, 354.73776
109, 302.40482
109, 285.87415
109, 310.31796
109, 338.81247
109, 318.5224
109, 290.23462
109, 313.7235
109, 323.58716
110, 234.18666
110, 198.95905
110, 357.0296
110, 336.02087
110, 230.31252
110, 219.28532
110, 347.72723
110, 348.82016
111, 281.7696
111, 297.31107
111, 275.04544
111, 276.86826
111, 251.10071
111, 266.3777
111, 251.34087
111, 269.38907
112, 270.4131
112, 285.3439
112, 287.20343
112, 301.60974
112, 243.30382
112, 258.06516
112, 264.6088
112, 281.37912
113, 352.56668
113, 300.13968
113, 397.01505
113, 331.6849
113, 347.9868
113, 334.43237
113, 376.7141
113, 353.06696
114, 350.21973
114, 314.4667
114, 282.8522
114, 274.30005
114, 302.41568
114, 268.25793
114, 306.3245
114, 291.27292
115, 268.31232
115, 319.18527
115, 296.62277
115, 316.29355
115, 268.72653
115, 309.16934
115, 304.91403
115, 315.2653
116, 317.18948
116, 305.879
116, 292.15344
116, 274.8035
116, 316.15567
116, 307.12738
116, 295.53412
116, 277.20337
117, 272.487
117, 276.98526
117, 267.9991
117, 245.32964
117, 295.2437
117, 311.58905
117, 285.94662
117, 307.87384
118, 264.99622
118, 276.10812
118, 292.49435
118, 303.3807
118, 253.12427
118, 259.2023
118, 261.7965
118, 287.42383
119, 346.2569
119, 357.7844
119, 369.14133
119, 356.5893
119, 357.4066
119, 376.07922
119, 381.57953
119, 376.4385
120, 356.2172
120, 353.13312
120, 308.67752
120, 308.48926
120, 382.8146
120, 375.85938
120, 345.54044
120, 328.61157
121, 247.54446
121, 239.64998
121, 237.76967
121, 216.08522
121, 204.63919
121, 206.9196
121, 205.05014
121, 202.03314
122, 283.4837
122, 283.17712
122, 262.47595
122, 268.2435
122, 276.69193
122, 291.49603
122, 238.66412
122, 254.26875
123, 276.76498
123, 235.08807
123, 249.02144
123, 208.53583
123, 279.0959
123, 244.83914
123, 259.6554
123, 236.72592
124, 298.78906
124, 303.30963
124, 230.21114
124, 274.2925
124, 313.25732
124, 364.9832
124, 312.53183
124, 327.85947
125, 328.184
125, 327.91388
125, 297.09348
125, 302.07193
125, 363.5451
125, 339.11575
125, 300.06345
125, 302.55624
126, 316.04364
126, 349.6622
126, 294.8508
126, 342.27722
126, 327.2635
126, 352.45697
126, 302.02817
126, 343.7061
127, 358.54822
127, 341.97592
127, 327.08563
127, 302.61197
127, 328.31598
127, 307.08698
127, 291.28146
127, 268.59543
128, 296.30264
128, 265.997
128, 274.51614
128, 249.0784
128, 271.97012
128, 244.77533
128, 249.37437
128, 210.64343
129, 412.1516
129, 424.3237
129, 382.56216
129, 419.632
129, 409.70624
129, 438.0251
129, 410.56638
129, 428.3697
130, 410.49863
130, 432.1123
130, 395.6671
130, 425.5363
130, 380.66248
130, 388.59146
130, 372.21304
130, 384.35144
131, 245.29631
131, 285.52353
131, 268.48837
131, 290.93088
131, 243.26407
131, 302.66916
131, 247.95355
131, 299.6361
132, 271.24435
132, 266.82156
132, 257.59546
132, 246.02791
132, 320.9207
132, 268.00296
132, 307.6831
132, 250.72745
133, 270.16266
133, 235.74829
133, 275.91495
133, 238.58452
133, 248.3384
133, 217.54381
133, 273.7951
133, 236.90045
134, 410.9583
134, 339.8079
134, 377.37308
134, 312.84604
134, 416.55582
134, 368.93195
134, 392.86853
134, 361.1334
135, 215.56386
135, 246.2307
135, 216.68544
135, 248.5676
135, 263.7414
135, 276.59833
135, 259.78564
135, 281.6633
136, 281.50235
136, 284.40097
136, 310.80396
136, 300.32986
136, 285.73608
136, 295.21503
136, 304.8886
136, 305.43253
137, 291.77264
137, 321.2188
137, 319.75153
137, 319.52594
137, 293.74512
137, 313.19254
137, 325.36267
137, 288.12924
138, 372.34854
138, 328.80832
138, 358.09326
138, 329.94263
138, 344.78403
138, 326.11563
138, 380.74442
138, 382.86087
139, 284.2658
139, 290.0526
139, 289.7383
139, 268.7334
139, 243.6388
139, 238.81778
139, 269.70392
139, 253.85527
140, 359.99234
140, 359.69983
140, 343.33298
140, 353.66473
140, 393.15482
140, 356.9431
140, 400.21286
140, 396.52917
141, 365.19617
141, 390.69293
141, 355.68127
141, 342.8009
141, 368.21774
141, 387.1407
141, 342.85938
141, 323.96213
142, 283.31226
142, 356.26566
142, 261.23663
142, 312.16016
142, 312.70502
142, 334.16785
142, 255.2459
142, 329.47916
143, 332.0223
143, 330.08478
143, 328.48834
143, 326.1767
143, 357.57486
143, 306.31204
143, 333.09787
143, 315.74234
144, 299.1785
144, 311.80722
144, 335.713
144, 331.8003
144, 347.9444
144, 307.59775
144, 354.21756
144, 324.3232
145, 264.90567
145, 315.89096
145, 273.51593
145, 301.36124
145, 273.4898
145, 337.72888
145, 245.30615
145, 329.89264
146, 275.23605
146, 274.37274
146, 277.60083
146, 285.0541
146, 301.53568
146, 259.30875
146, 309.50064
146, 257.11005
147, 335.488
147, 322.26086
147, 324.16806
147, 319.146
147, 319.25742
147, 314.5723
147, 307.62817
147, 299.12314
148, 310.0864
148, 270.53363
148, 318.45844
148, 307.84082
148, 307.7835
148, 294.54495
148, 327.9667
148, 347.41653
149, 289.66907
149, 335.95584
149, 343.43835
149, 366.10104
149, 311.44922
149, 332.69296
149, 426.02817
149, 422.1119
150, 215.99228
150, 255.24709
150, 248.06966
150, 301.99295
150, 231.87994
150, 286.83344
150, 258.3794
150, 310.17657
151, 334.34756
151, 350.33612
151, 356.76477
151, 323.46277
151, 351.50958
151, 356.03647
151, 365.7328
151, 322.32843
152, 347.66568
152, 377.0487
152, 332.1173
152, 364.66937
152, 354.77087
152, 378.1764
152, 345.56122
152, 359.67014
153, 364.1623
153, 377.60257
153, 420.34772
153, 380.59863
153, 394.80673
153, 408.46057
153, 411.35638
153, 399.1317
154, 350.88727
154, 331.6445
154, 372.44864
154, 323.9972
154, 373.12585
154, 357.09903
154, 382.74612
154, 346.7107
155, 330.7121
155, 303.55194
155, 321.07886
155, 286.5282
155, 329.25656
155, 308.2857
155, 324.96118
155, 291.99722
156, 504.67032
156, 454.0255
156, 515.6791
156, 471.2218
156, 492.82703
156, 383.96207
156, 472.00745
156, 415.8993
157, 379.88904
157, 371.0534
157, 384.10596
157, 360.03848
157, 362.91986
157, 352.33875
157, 380.22382
157, 361.4788
158, 369.73383
158, 342.97607
158, 343.3763
158, 295.3467
158, 362.65915
158, 340.65576
158, 349.46637
158, 289.23132
159, 388.04828
159, 432.8978
159, 359.5839
159, 425.95285
159, 397.39493
159, 457.42606
159, 374.50912
159, 451.9042
160, 213.05167
160, 251.7944
160, 223.85866
160, 276.5029
160, 189.32985
160, 223.84695
160, 186.54271
160, 215.2521
161, 367.18454
161, 381.04242
161, 366.12747
161, 361.01086
161, 340.94522
161, 348.8128
161, 356.09888
161, 341.88583
162, 251.21161
162, 279.18372
162, 260.8269
162, 273.72522
162, 228.56374
162, 270.01425
162, 244.47502
162, 260.7454
163, 338.9337
163, 354.32446
163, 327.98297
163, 327.5359
163, 336.8278
163, 344.77463
163, 321.95233
163, 325.0466
164, 387.14374
164, 393.87976
164, 374.39935
164, 389.5319
164, 383.42227
164, 378.07965
164, 360.88467
164, 367.5671
165, 317.0375
165, 306.02786
165, 335.74072
165, 327.9199
165, 310.46304
165, 294.86282
165, 318.03043
165, 311.3944
166, 343.02383
166, 367.3152
166, 326.29428
166, 366.70053
166, 362.85092
166, 382.4032
166, 341.5982
166, 368.44565
167, 382.0174
167, 336.066
167, 354.64084
167, 333.35712
167, 392.5387
167, 308.04935
167, 345.94333
167, 298.85754
168, 292.09482
168, 283.90067
168, 322.30832
168, 307.20508
168, 277.08163
168, 283.91257
168, 306.806
168, 307.89896
169, 286.06345
169, 310.22055
169, 338.0083
169, 368.01022
169, 272.3852
169, 298.80936
169, 326.46152
169, 361.89444
170, 337.0893
170, 312.25787
170, 328.5549
170, 274.42175
170, 338.43945
170, 347.89365
170, 340.34326
170, 310.2823
171, 326.42816
171, 336.09866
171, 274.48517
171, 277.93857
171, 319.24167
171, 340.21973
171, 264.54886
171, 302.1679
172, 306.02557
172, 314.2487
172, 277.26736
172, 276.9707
172, 321.50165
172, 327.841
172, 300.9887
172, 310.6259
173, 288.28427
173, 287.97214
173, 254.37943
173, 252.77882
173, 317.66794
173, 298.98788
173, 299.0301
173, 281.01047
174, 307.49887
174, 333.0527
174, 288.18976
174, 329.73386
174, 296.31442
174, 305.35422
174, 291.06952
174, 313.38287
175, 343.687
175, 330.94208
175, 349.45105
175, 322.70886
175, 313.32584
175, 321.4862
175, 320.96707
175, 311.938
176, 348.91583
176, 335.18295
176, 335.14404
176, 309.85657
176, 354.34378
176, 353.382
176, 338.10147
176, 330.0313
177, 275.22684
177, 261.76663
177, 281.5423
177, 301.87357
177, 211.52162
177, 238.58954
177, 246.61206
177, 269.71524
178, 457.90338
178, 462.60214
178, 442.29517
178, 462.0408
178, 425.39822
178, 440.7882
178, 448.41382
178, 453.8092
179, 342.69174
179, 320.1267
179, 336.79843
179, 325.98758
179, 331.4887
179, 306.91907
179, 305.4137
179, 315.43936
180, 391.5717
180, 386.9234
180, 397.66904
180, 387.6048
180, 400.97815
180, 399.53183
180, 400.512
180, 399.3944
181, 351.84406
181, 322.34244
181, 328.17892
181, 326.1209
181, 364.2102
181, 339.8291
181, 333.64685
181, 329.67554
182, 284.94855
182, 255.39421
182, 286.2745
182, 249.13647
182, 290.71152
182, 282.88892
182, 272.72766
182, 262.41318
183, 227.65404
183, 218.83759
183, 260.95346
183, 268.1712
183, 261.20996
183, 230.21051
183, 264.95944
183, 278.3269
184, 234.37248
184, 205.14513
184, 256.33276
184, 216.86293
184, 256.50647
184, 244.38486
184, 252.89368
184, 219.2819
185, 229.36957
185, 272.82706
185, 251.87189
185, 273.81775
185, 269.1428
185, 287.18036
185, 256.7522
185, 275.65436
186, 340.60614
186, 340.57657
186, 313.94293
186, 323.048
186, 333.10187
186, 325.29623
186, 307.82782
186, 300.53094
187, 272.11624
187, 293.88956
187, 303.5901
187, 297.07468
187, 264.09027
187, 249.13464
187, 284.3398
187, 246.05128
188, 334.18478
188, 326.3143
188, 314.33685
188, 303.05533
188, 316.34006
188, 322.62756
188, 290.2306
188, 301.70312
189, 378.80997
189, 424.3997
189, 381.2221
189, 415.4354
189, 368.3514
189, 421.76645
189, 390.2145
189, 438.83563
190, 418.8917
190, 413.39996
190, 357.0955
190, 362.10922
190, 414.67407
190, 396.1127
190, 354.7419
190, 360.27576
191, 338.0605
191, 291.80646
191, 313.36526
191, 306.2036
191, 341.80695
191, 303.65915
191, 345.276
191, 335.42654
192, 245.26457
192, 239.91959
192, 281.35275
192, 269.28745
192, 281.7613
192, 253.74048
192, 320.04312
192, 302.60107
193, 216.50812
193, 222.37665
193, 248.5058
193, 231.21568
193, 203.56969
193, 196.80803
193, 251.32549
193, 262.07053
194, 295.2646
194, 254.25189
194, 262.02533
194, 223.75504
194, 279.95178
194, 250.8031
194, 251.70503
194, 225.8949
195, 235.70868
195, 248.33888
195, 227.92668
195, 227.26924
195, 235.24583
195, 235.54393
195, 221.6315
195, 215.10898
196, 203.47217
196, 206.31387
196, 204.74165
196, 195.5778
196, 209.12653
196, 206.84625
196, 211.56866
196, 207.5495
197, 303.966
197, 299.71292
197, 293.13715
197, 297.9991
197, 269.73517
197, 272.562
197, 272.12128
197, 272.46423
198, 324.36615
198, 328.6645
198, 307.56116
198, 307.56674
198, 325.05884
198, 313.72903
198, 295.17422
198, 286.49564
199, 359.35593
199, 405.38104
199, 356.77548
199, 384.89813
199, 334.08975
199, 362.15103
199, 321.2226
199, 352.55835
200, 412.83673
200, 410.9396
200, 374.28656
200, 388.4442
200, 366.09323
200, 365.92343
200, 334.774
200, 340.29623
201, 363.84387
201, 349.48944
201, 382.51028
201, 385.42062
201, 288.64368
201, 275.57083
201, 325.6097
201, 318.42938
202, 342.2389
202, 375.61218
202, 375.3214
202, 395.93433
202, 308.4814
202, 358.99478
202, 289.8375
202, 376.3247
203, 75.971855
203, 84.003975
203, 93.521545
203, 93.598366
203, 69.44268
203, 75.839264
203, 84.3742
203, 81.10595
204, 303.67953
204, 273.16388
204, 237.54362
204, 226.74426
204, 286.1159
204, 252.83142
204, 221.74828
204, 205.00917
205, 233.34605
205, 223.26624
205, 277.06644
205, 266.1459
205, 222.93071
205, 206.50461
205, 233.49994
205, 216.33867
206, 201.71371
206, 220.32652
206, 256.77887
206, 265.07983
206, 172.54344
206, 179.39789
206, 257.81723
206, 252.8352
207, 246.51505
207, 243.54161
207, 264.58575
207, 264.7335
207, 239.07277
207, 225.68903
207, 249.63785
207, 243.27756
208, 258.3804
208, 284.20645
208, 232.58665
208, 250.52214
208, 240.14716
208, 270.34955
208, 220.40709
208, 245.25272
209, 356.84027
209, 329.03827
209, 325.17102
209, 313.77817
209, 341.76218
209, 312.91046
209, 313.3751
209, 287.53275
210, 263.59604
210, 268.31235
210, 260.2602
210, 254.2693
210, 276.98083
210, 284.32474
210, 272.70236
210, 258.0243
211, 365.53653
211, 391.56772
211, 365.2662
211, 381.32904
211, 330.37418
211, 351.8428
211, 342.11047
211, 352.7364
212, 260.87582
212, 268.95123
212, 223.38553
212, 304.28653
212, 249.11555
212, 260.8453
212, 232.17297
212, 299.3196
213, 268.02338
213, 275.75458
213, 308.18484
213, 315.34433
213, 287.26773
213, 292.83566
213, 286.71164
213, 272.00757
214, 312.91763
214, 299.9662
214, 279.30124
214, 272.0383
214, 298.95932
214, 267.5601
214, 273.19968
214, 271.38934
215, 312.2985
215, 260.4531
215, 364.83856
215, 329.92978
215, 312.11188
215, 269.70596
215, 379.20834
215, 347.8175
216, 221.39432
216, 267.29578
216, 237.57303
216, 290.28955
216, 251.7796
216, 286.1854
216, 268.87112
216, 300.20276
217, 172.71849
217, 205.39053
217, 157.07454
217, 178.7556
217, 213.8643
217, 247.65411
217, 188.17122
217, 215.70184
218, 244.94078
218, 246.74222
218, 256.96017
218, 268.00198
218, 265.3105
218, 275.70404
218, 262.47287
218, 280.85046
219, 220.52617
219, 219.0076
219, 266.64355
219, 271.079
219, 249.40494
219, 218.89522
219, 306.57343
219, 286.00507
220, 307.91745
220, 291.49554
220, 295.3728
220, 279.45825
220, 326.612
220, 306.17236
220, 325.1632
220, 287.63535
221, 222.22427
221, 224.95848
221, 298.92822
221, 301.24463
221, 232.00151
221, 252.79451
221, 297.92123
221, 328.95193
222, 242.66461
222, 290.4895
222, 312.4798
222, 361.05447
222, 257.4736
222, 283.5484
222, 323.6467
222, 348.60187
223, 254.9794
223, 307.19476
223, 324.2501
223, 337.50912
223, 272.73618
223, 323.19208
223, 293.90652
223, 329.5182
224, 394.7322
224, 372.0635
224, 377.05978
224, 335.52567
224, 311.7244
224, 309.69913
224, 316.1017
224, 294.56033
225, 307.50177
225, 323.085
225, 335.99585
225, 356.5173
225, 309.5031
225, 324.60532
225, 318.53687
225, 337.635
226, 219.31996
226, 258.97684
226, 255.40518
226, 274.09406
226, 235.59056
226, 263.8937
226, 258.87097
226, 261.4074
227, 293.206
227, 264.87784
227, 288.73242
227, 271.4382
227, 274.18994
227, 262.05542
227, 276.10233
227, 276.55255
228, 285.06577
228, 259.27972
228, 263.8744
228, 221.19557
228, 304.83365
228, 279.50394
228, 284.96695
228, 237.5592
229, 354.7591
229, 305.21982
229, 380.115
229, 384.3017
229, 383.7696
229, 339.1607
229, 388.35596
229, 392.88144
230, 270.68073
230, 249.44064
230, 304.44482
230, 294.0427
230, 272.12003
230, 241.31065
230, 286.98666
230, 256.00345
231, 271.25156
231, 218.41179
231, 344.41357
231, 305.20212
231, 215.94283
231, 218.84258
231, 290.0456
231, 292.72665
232, 254.81091
232, 276.56903
232, 233.26147
232, 244.01979
232, 287.17758
232, 289.95
232, 270.60983
232, 278.94864
233, 291.13156
233, 298.97726
233, 290.51697
233, 310.8799
233, 304.2254
233, 307.8179
233, 306.79636
233, 314.03275
234, 367.49823
234, 370.3079
234, 350.30606
234, 340.47894
234, 372.51556
234, 377.13226
234, 367.01602
234, 366.52988
235, 346.67822
235, 321.9523
235, 341.04517
235, 329.3969
235, 338.71954
235, 319.87418
235, 352.7273
235, 338.41925
236, 294.39276
236, 285.20596
236, 305.53137
236, 304.17853
236, 311.81564
236, 275.64963
236, 311.8917
236, 299.9941
237, 317.228
237, 318.00427
237, 287.81586
237, 284.50784
237, 304.09683
237, 300.05527
237, 266.82053
237, 258.05927
238, 310.0744
238, 287.41312
238, 296.33115
238, 221.93024
238, 262.69128
238, 238.61244
238, 301.9798
238, 196.85603
239, 427.58307
239, 415.82846
239, 396.30878
239, 402.53806
239, 385.56982
239, 412.2587
239, 383.02322
239, 420.37613
240, 370.72452
240, 434.83142
240, 336.8592
240, 400.62292
240, 352.30228
240, 410.1999
240, 323.22
240, 387.94577
241, 234.91841
241, 249.74696
241, 247.26904
241, 240.94383
241, 192.69637
241, 213.09807
241, 179.11769
241, 216.58994
242, 232.24098
242, 241.03151
242, 228.45576
242, 208.8787
242, 279.99744
242, 284.6333
242, 278.11884
242, 271.25076
243, 301.54102
243, 304.25812
243, 265.64917
243, 299.20917
243, 321.0667
243, 304.8774
243, 308.8346
243, 281.05505
244, 288.41965
244, 261.38562
244, 294.62958
244, 266.50693
244, 266.95306
244, 282.53265
244, 279.5596
244, 284.4515
245, 239.05623
245, 254.50034
245, 249.90121
245, 250.22844
245, 225.72496
245, 260.48523
245, 220.77606
245, 233.26706
246, 328.80817
246, 337.0151
246, 310.3844
246, 301.55316
246, 296.56696
246, 317.00192
246, 290.38373
246, 249.31038
247, 335.1963
247, 363.88354
247, 301.96387
247, 378.0809
247, 337.1091
247, 337.0989
247, 308.1005
247, 364.9642
248, 353.9437
248, 331.30432
248, 321.79718
248, 319.5329
248, 286.89087
248, 298.65598
248, 297.52063
248, 303.72626
249, 252.42897
249, 219.42384
249, 251.1816
249, 205.46988
249, 235.70572
249, 208.24557
249, 255.83281
249, 216.67451
250, 326.70126
250, 349.4611
250, 323.5358
250, 366.658
250, 337.56506
250, 348.233
250, 330.91763
250, 360.67426
251, 332.84686
251, 271.11987
251, 335.64587
251, 299.00275
251, 347.93573
251, 320.62494
251, 345.76416
251, 341.40985
252, 256.0771
252, 338.6307
252, 293.22244
252, 353.5085
252, 315.89062
252, 342.69473
252, 357.41605
252, 360.69968
253, 237.39459
253, 260.2855
253, 195.695
253, 241.33763
253, 231.76067
253, 271.43442
253, 224.44835
253, 276.26505
254, 265.6479
254, 209.27777
254, 284.55542
254, 232.44685
254, 311.24384
254, 236.78847
254, 313.33612
254, 265.28174
255, 336.988
255, 314.25375
255, 342.7172
255, 292.87283
255, 347.87656
255, 366.21625
255, 341.79013
255, 322.90475
256, 226.94543
256, 237.96465
256, 174.38203
256, 187.8992
256, 206.34222
256, 208.5609
256, 171.44278
256, 173.27596
257, 375.50137
257, 364.0644
257, 344.78366
257, 349.7225
257, 347.094
257, 318.126
257, 313.03668
257, 317.28424
258, 325.1828
258, 374.80444
258, 348.81885
258, 368.54633
258, 319.8964
258, 342.395
258, 310.93372
258, 331.72195
259, 324.0953
259, 320.05197
259, 360.3828
259, 335.41803
259, 375.81665
259, 325.2678
259, 374.33072
259, 344.44522
260, 186.64493
260, 179.41861
260, 214.35643
260, 190.25146
260, 188.22295
260, 181.77715
260, 221.51701
260, 201.55203
261, 402.2705
261, 414.5639
261, 393.10867
261, 398.54532
261, 401.4339
261, 405.0511
261, 385.93793
261, 388.6783
262, 328.6208
262, 343.19424
262, 310.97678
262, 320.92654
262, 341.9108
262, 349.7683
262, 333.65018
262, 327.82407
263, 357.47443
263, 389.0623
263, 362.19284
263, 382.73187
263, 337.98282
263, 389.9609
263, 357.0138
263, 402.49475
264, 283.00906
264, 314.70102
264, 259.94455
264, 298.31827
264, 320.51874
264, 332.96796
264, 275.97348
264, 293.03806
265, 306.2222
265, 270.47522
265, 320.93546
265, 297.75543
265, 330.193
265, 308.7763
265, 319.4876
265, 310.893
266, 300.11005
266, 370.13495
266, 336.05844
266, 329.03326
266, 355.61935
266, 389.6736
266, 345.07626
266, 351.07166
267, 305.0051
267, 249.23633
267, 316.37317
267, 281.74493
267, 293.52728
267, 299.13898
267, 318.28687
267, 301.86905
268, 304.162
268, 364.849
268, 302.73077
268, 347.43112
268, 252.79721
268, 317.37305
268, 234.0374
268, 292.6412
269, 262.15262
269, 249.91469
269, 266.4618
269, 251.78691
269, 229.51135
269, 234.41849
269, 241.5152
269, 244.13441
270, 272.07492
270, 274.6666
270, 324.8315
270, 311.7366
270, 307.1299
270, 302.555
270, 338.8475
270, 314.6246
271, 321.6008
271, 345.9562
271, 340.6428
271, 342.51205
271, 318.06238
271, 344.74692
271, 347.59833
271, 331.967
272, 408.13348
272, 386.06906
272, 390.06546
272, 361.0057
272, 412.86514
272, 397.9386
272, 386.40585
272, 369.34198
273, 340.5061
273, 366.11707
273, 361.52728
273, 360.41556
273, 346.15
273, 360.75058
273, 388.95108
273, 367.27213
274, 369.64883
274, 372.95602
274, 368.18588
274, 369.90485
274, 359.85623
274, 371.19742
274, 370.15878
274, 380.3472
275, 360.72745
275, 325.35828
275, 366.1405
275, 343.7797
275, 374.05304
275, 348.80273
275, 379.75797
275, 363.99915
276, 331.42957
276, 327.36185
276, 330.45862
276, 306.95636
276, 286.2288
276, 289.5238
276, 308.98068
276, 284.87964
277, 416.44644
277, 372.30307
277, 366.84845
277, 365.17917
277, 389.07422
277, 392.12738
277, 356.61523
277, 372.06238
278, 188.32428
278, 182.24236
278, 221.8016
278, 188.27533
278, 214.79784
278, 237.49423
278, 256.23798
278, 229.21947
279, 407.465
279, 363.4167
279, 378.47205
279, 351.5895
279, 436.37833
279, 454.53397
279, 399.5864
279, 432.72565
280, 188.73337
280, 233.71527
280, 193.79088
280, 238.9004
280, 269.33667
280, 288.79596
280, 251.46214
280, 274.40994
281, 397.6829
281, 373.44925
281, 388.83163
281, 365.99176
281, 380.72522
281, 334.17578
281, 379.83804
281, 329.12418
282, 368.90588
282, 340.27365
282, 372.63773
282, 378.84274
282, 350.11136
282, 321.79218
282, 357.09637
282, 342.0522
283, 379.61328
283, 397.2479
283, 415.13147
283, 419.86194
283, 357.13702
283, 371.30954
283, 384.29742
283, 400.85782
284, 375.38004
284, 375.60593
284, 368.28824
284, 369.34167
284, 371.47305
284, 378.7633
284, 367.35333
284, 371.71368
285, 360.2183
285, 343.49918
285, 362.88757
285, 358.7162
285, 353.45792
285, 326.74518
285, 361.0762
285, 340.87262
286, 324.97406
286, 313.19458
286, 355.36508
286, 351.12418
286, 299.22495
286, 284.22015
286, 337.0258
286, 318.52795
287, 336.37173
287, 356.1511
287, 330.1304
287, 331.43338
287, 314.52988
287, 338.29825
287, 353.9555
287, 347.82874
288, 476.1885
288, 451.78226
288, 490.3591
288, 399.36612
288, 477.67477
288, 466.5686
288, 491.34888
288, 462.60233
289, 344.02505
289, 336.57034
289, 334.7891
289, 353.43222
289, 387.7655
289, 379.35812
289, 379.32587
289, 401.33557
290, 325.10022
290, 333.12527
290, 354.40323
290, 376.88403
290, 373.53906
290, 348.4228
290, 407.13892
290, 396.0209
291, 347.83588
291, 390.6085
291, 331.23816
291, 368.49915
291, 377.34012
291, 400.59692
291, 332.08688
291, 353.79636
292, 263.99286
292, 269.20206
292, 251.12065
292, 269.63773
292, 271.53232
292, 281.52695
292, 253.96379
292, 284.69455
293, 276.61752
293, 297.55585
293, 283.98022
293, 298.4121
293, 281.94922
293, 283.52228
293, 287.2831
293, 304.00616
294, 297.72006
294, 299.58304
294, 320.46112
294, 303.57047
294, 283.1936
294, 303.91525
294, 321.54822
294, 315.4814
295, 361.66464
295, 349.02234
295, 345.10684
295, 338.84665
295, 376.57495
295, 351.19153
295, 359.32898
295, 329.1179
296, 334.5905
296, 347.84732
296, 329.23135
296, 341.93002
296, 333.56326
296, 344.6264
296, 327.7595
296, 336.85214
297, 308.86667
297, 316.91174
297, 311.6401
297, 344.13248
297, 244.52641
297, 274.93665
297, 279.17563
297, 297.2471
298, 376.14685
298, 396.65536
298, 382.4971
298, 403.27087
298, 343.00766
298, 363.281
298, 335.72244
298, 362.34964
299, 421.5309
299, 388.23355
299, 399.13156
299, 372.5459
299, 420.5818
299, 393.27158
299, 363.7167
299, 327.88794
300, 332.14636
300, 314.7004
300, 323.1322
300, 343.69687
300, 264.51675
300, 271.07968
300, 236.4956
300, 288.8494
301, 331.1913
301, 357.3566
301, 357.4648
301, 354.94534
301, 313.89328
301, 372.35306
301, 328.80124
301, 343.35297
302, 385.7659
302, 365.08563
302, 400.79584
302, 385.02322
302, 336.83496
302, 346.20938
302, 357.8824
302, 375.7529
303, 295.2445
303, 280.0865
303, 301.91675
303, 294.2508
303, 316.8397
303, 276.62854
303, 311.55
303, 286.79886
304, 265.8982
304, 280.2141
304, 289.10858
304, 298.31284
304, 263.89844
304, 284.40033
304, 286.76
304, 302.61618
305, 300.11523
305, 272.89737
305, 274.0524
305, 259.74634
305, 321.822
305, 290.70972
305, 291.12863
305, 255.19194
306, 255.75903
306, 292.23126
306, 262.14804
306, 296.18954
306, 243.8099
306, 275.40094
306, 253.2474
306, 281.2952
307, 310.92368
307, 309.68057
307, 301.74948
307, 304.6179
307, 307.489
307, 291.68036
307, 309.92386
307, 287.3722
308, 376.5186
308, 380.2559
308, 372.30722
308, 374.14786
308, 335.75024
308, 349.42868
308, 335.1825
308, 347.2079
309, 326.8773
309, 366.80292
309, 298.39145
309, 326.60318
309, 318.5678
309, 362.03674
309, 280.0137
309, 334.16055
310, 340.9174
310, 366.26898
310, 357.27707
310, 401.18884
310, 338.63687
310, 375.15146
310, 359.0173
310, 402.01358
311, 185.06557
311, 237.65901
311, 188.50223
311, 218.91444
311, 155.57393
311, 209.34178
311, 161.94394
311, 197.71246
312, 413.88983
312, 390.5371
312, 434.70694
312, 404.53897
312, 401.2734
312, 397.42886
312, 420.60483
312, 409.09842
313, 346.3771
313, 332.50775
313, 405.82996
313, 375.6935
313, 337.60562
313, 352.42374
313, 361.79465
313, 361.19125
314, 296.17307
314, 297.78558
314, 306.5987
314, 307.42227
314, 326.90225
314, 318.41104
314, 342.57477
314, 335.85013
315, 294.04163
315, 281.0769
315, 287.34235
315, 262.69153
315, 305.72662
315, 288.5745
315, 307.47684
315, 286.5207
316, 281.44223
316, 287.11768
316, 270.6132
316, 286.69012
316, 266.97562
316, 258.06577
316, 254.74022
316, 259.08633
317, 277.3268
317, 283.60587
317, 280.571
317, 273.6431
317, 258.55008
317, 266.3844
317, 244.30327
317, 245.86282
318, 289.64233
318, 280.58984
318, 279.13272
318, 279.6109
318, 300.42267
318, 288.233
318, 284.64957
318, 283.2237
319, 319.42838
319, 311.643
319, 283.90994
319, 268.53745
319, 304.05048
319, 301.9964
319, 266.80435
319, 242.07588
320, 278.42215
320, 297.05432
320, 270.62833
320, 311.59888
320, 296.07452
320, 311.68985
320, 267.73138
320, 300.34225
321, 315.55762
321, 297.7149
321, 300.62292
321, 282.3812
321, 327.65912
321, 333.64517
321, 306.13382
321, 313.28333
322, 306.42874
322, 325.8178
322, 310.80536
322, 293.2163
322, 370.73367
322, 363.27707
322, 381.3013
322, 355.90128
323, 318.06714
323, 362.67426
323, 287.51004
323, 363.98352
323, 330.45822
323, 352.1313
323, 319.8613
323, 354.35574
324, 372.5849
324, 370.3643
324, 390.76193
324, 379.89273
324, 335.14548
324, 316.49982
324, 325.31125
324, 312.22308
325, 320.7016
325, 310.88428
325, 308.11038
325, 288.566
325, 303.85312
325, 316.77747
325, 270.75348
325, 281.1217
326, 291.18384
326, 267.44305
326, 324.14532
326, 295.9854
326, 319.81342
326, 274.21518
326, 314.41815
326, 276.3206
327, 199.43585
327, 216.52065
327, 270.21185
327, 290.06866
327, 205.74144
327, 208.88426
327, 265.93304
327, 272.7462
328, 217.24234
328, 215.57703
328, 264.80145
328, 254.17339
328, 218.73894
328, 238.89783
328, 269.0448
328, 279.1423
329, 239.60269
329, 279.28522
329, 252.54851
329, 293.6866
329, 268.80396
329, 285.97662
329, 266.1751
329, 273.1368
330, 303.0352
330, 284.17798
330, 307.00266
330, 271.7452
330, 298.2546
330, 284.8951
330, 300.25632
330, 268.41235
331, 265.03946
331, 278.0411
331, 304.27032
331, 314.7245
331, 270.30173
331, 282.34665
331, 302.22815
331, 314.19962
332, 324.4962
332, 295.80774
332, 322.22632
332, 294.6382
332, 332.46545
332, 275.3866
332, 343.5199
332, 287.91492
333, 434.4035
333, 446.7066
333, 370.25854
333, 384.34094
333, 410.46368
333, 423.0706
333, 343.07852
333, 361.77
334, 344.32544
334, 303.1018
334, 267.529
334, 253.7211
334, 352.85803
334, 337.8692
334, 297.07913
334, 278.16293
335, 269.80328
335, 247.22176
335, 280.23813
335, 252.9367
335, 261.6856
335, 241.84636
335, 270.51913
335, 245.55525
336, 258.40488
336, 198.03801
336, 300.69165
336, 231.78838
336, 288.3346
336, 255.78546
336, 321.3104
336, 295.76337
337, 300.43353
337, 318.31378
337, 234.8589
337, 271.4936
337, 322.1529
337, 330.62793
337, 231.8935
337, 258.90005
338, 230.20322
338, 266.4066
338, 188.95094
338, 228.5595
338, 227.10483
338, 235.68813
338, 208.7158
338, 206.36266
339, 294.1656
339, 299.61334
339, 290.20258
339, 292.4015
339, 265.19583
339, 273.32178
339, 263.5866
339, 272.66324
340, 250.5213
340, 215.3495
340, 259.51886
340, 239.56653
340, 214.08257
340, 197.23282
340, 224.0458
340, 206.62488
341, 346.6311
341, 281.8593
341, 358.35196
341, 339.45273
341, 312.17767
341, 260.45074
341, 336.60513
341, 324.34796
342, 260.27786
342, 287.13678
342, 289.69342
342, 296.26202
342, 268.50912
342, 287.96957
342, 286.44583
342, 313.99368
343, 305.3955
343, 349.16855
343, 307.1492
343, 332.39896
343, 332.53238
343, 355.76953
343, 353.14816
343, 366.97427
344, 322.88623
344, 323.08408
344, 282.85376
344, 321.4115
344, 310.13324
344, 337.82986
344, 277.48416
344, 317.41653
345, 345.8786
345, 337.15387
345, 298.795
345, 311.72607
345, 330.31015
345, 321.19385
345, 328.75235
345, 315.49762
346, 332.568
346, 327.9086
346, 354.7783
346, 388.46088
346, 291.91187
346, 272.99677
346, 333.06482
346, 328.4089
347, 245.14809
347, 278.36902
347, 225.11816
347, 247.88234
347, 224.53868
347, 255.70366
347, 190.01941
347, 212.58354
348, 276.4997
348, 261.34253
348, 253.56175
348, 238.50758
348, 245.41501
348, 243.21617
348, 213.89876
348, 207.30258
349, 310.57135
349, 291.9344
349, 274.82965
349, 262.8255
349, 292.69952
349, 268.973
349, 261.2885
349, 255.7268
350, 405.8799
350, 351.24713
350, 417.05225
350, 392.43222
350, 410.6754
350, 342.9206
350, 420.23004
350, 380.42123
351, 280.50986
351, 228.11296
351, 321.85583
351, 289.20163
351, 241.51344
351, 223.85841
351, 303.9328
351, 291.38437
352, 189.0575
352, 234.61107
352, 238.88812
352, 277.0999
352, 216.98666
352, 249.33777
352, 258.68375
352, 282.84283
353, 231.61333
353, 233.5402
353, 250.10661
353, 248.33208
353, 257.7497
353, 262.0416
353, 265.92407
353, 253.58112
354, 266.50153
354, 252.50902
354, 263.37885
354, 233.85184
354, 259.60065
354, 248.78696
354, 236.50775
354, 271.34695
355, 237.40352
355, 234.84422
355, 265.61075
355, 252.3278
355, 247.86005
355, 238.7697
355, 268.8313
355, 278.14536
356, 309.68576
356, 339.81473
356, 343.70682
356, 346.74985
356, 289.94543
356, 323.40247
356, 329.2438
356, 337.86972
357, 339.0565
357, 337.0919
357, 325.28177
357, 322.86688
357, 317.44232
357, 300.0707
357, 317.20767
357, 299.39627
358, 334.01447
358, 307.34265
358, 315.65964
358, 274.44177
358, 267.42505
358, 280.86664
358, 221.61803
358, 208.81676
359, 268.51715
359, 240.90819
359, 224.86475
359, 200.45097
359, 252.31123
359, 250.60562
359, 193.94888
359, 193.41388
360, 320.29376
360, 323.6387
360, 319.09204
360, 324.839
360, 364.8891
360, 384.35052
360, 350.65692
360, 361.99686
361, 370.012
361, 346.80997
361, 347.71762
361, 337.8241
361, 403.73636
361, 374.39493
361, 377.6561
361, 362.54593
362, 273.19464
362, 337.11832
362, 249.39743
362, 306.875
362, 308.7749
362, 344.3254
362, 301.4403
362, 325.03693
363, 222.79762
363, 229.1692
363, 201.98
363, 244.48709
363, 209.37518
363, 210.7606
363, 202.1812
363, 225.58737
364, 330.12772
364, 338.6229
364, 332.0276
364, 326.5501
364, 307.42184
364, 312.29587
364, 308.3004
364, 297.62775
365, 283.0901
365, 274.08328
365, 265.15637
365, 239.4275
365, 303.66074
365, 259.2849
365, 292.74722
365, 260.69434
366, 287.08096
366, 293.8404
366, 282.30737
366, 294.14453
366, 293.91217
366, 262.73605
366, 329.28494
366, 290.00272
367, 254.21431
367, 255.31448
367, 264.5055
367, 265.85953
367, 258.8974
367, 281.82123
367, 272.46225
367, 267.84894
368, 283.50366
368, 272.62332
368, 287.14713
368, 285.7666
368, 276.3651
368, 252.94275
368, 277.10812
368, 269.65167
369, 242.72615
369, 220.95543
369, 228.66899
369, 229.60461
369, 231.73972
369, 235.96451
369, 238.67676
369, 243.98097
370, 243.00806
370, 269.80148
370, 270.41553
370, 285.83246
370, 259.1795
370, 324.2815
370, 293.70245
370, 352.90134
371, 398.02145
371, 388.16476
371, 394.49426
371, 389.30713
371, 403.70627
371, 382.7774
371, 391.31616
371, 368.9914
372, 372.91592
372, 364.47305
372, 387.40442
372, 391.50113
372, 371.3163
372, 359.04935
372, 392.066
372, 383.99622
373, 362.71188
373, 396.6588
373, 394.85483
373, 408.36752
373, 350.7939
373, 361.96857
373, 369.94543
373, 387.99036
374, 265.9228
374, 296.33685
374, 293.4268
374, 298.07776
374, 254.19255
374, 295.60483
374, 279.4107
374, 305.57477
375, 335.3401
375, 312.64835
375, 329.75696
375, 276.36456
375, 322.44794
375, 310.40253
375, 328.33585
375, 277.18088
376, 247.717
376, 248.44543
376, 240.82404
376, 255.84106
376, 280.64883
376, 281.40747
376, 241.1618
376, 252.82216
377, 243.95143
377, 242.51613
377, 261.96753
377, 244.26529
377, 225.29152
377, 187.95354
377, 216.82146
377, 201.98524
378, 283.09454
378, 283.9214
378, 292.0441
378, 272.5287
378, 271.15732
378, 279.59668
378, 276.62024
378, 286.68512
379, 289.912
379, 311.82394
379, 279.3123
379, 297.5666
379, 259.30804
379, 265.37363
379, 275.4137
379, 271.5193
380, 270.04355
380, 286.7251
380, 295.55606
380, 343.14816
380, 270.8224
380, 307.70184
380, 313.86713
380, 340.17386
381, 341.71887
381, 363.1478
381, 377.57156
381, 378.17065
381, 370.32602
381, 411.31613
381, 402.87128
381, 421.67117
382, 388.1049
382, 377.0893
382, 382.18915
382, 365.99695
382, 376.71716
382, 351.85138
382, 387.73245
382, 351.90314
383, 348.8895
383, 363.25653
383, 314.0356
383, 330.3402
383, 353.25354
383, 364.25595
383, 326.12775
383, 323.20798
384, 451.2483
384, 448.76648
384, 386.8994
384, 393.407
384, 443.28494
384, 450.8973
384, 388.98666
384, 405.37134
385, 361.39734
385, 344.05432
385, 337.95947
385, 303.23328
385, 353.37448
385, 350.57013
385, 342.84244
385, 325.0289
386, 242.1142
386, 261.42798
386, 253.89848
386, 230.69151
386, 307.01993
386, 319.87225
386, 293.88852
386, 255.70361
387, 170.62283
387, 190.86652
387, 162.6615
387, 162.57582
387, 192.93301
387, 225.41417
387, 173.6106
387, 167.50864
388, 336.5125
388, 277.2386
388, 287.57715
388, 248.92624
388, 286.611
388, 223.77972
388, 295.25632
388, 244.47156
389, 303.28104
389, 320.8943
389, 344.297
389, 373.7157
389, 313.7176
389, 312.6605
389, 337.8118
389, 333.63113
390, 384.02658
390, 387.7118
390, 386.87842
390, 391.3124
390, 302.97778
390, 348.12848
390, 315.5985
390, 345.51257
391, 324.95383
391, 364.4417
391, 324.80853
391, 342.52847
391, 317.79218
391, 361.28915
391, 304.73914
391, 331.0784
392, 358.6743
392, 366.7781
392, 353.14908
392, 356.29642
392, 377.2799
392, 381.1736
392, 356.56876
392, 353.39838
393, 380.6812
393, 364.1945
393, 351.04645
393, 362.1605
393, 371.43552
393, 346.12323
393, 353.72522
393, 360.23032
394, 333.45316
394, 352.05386
394, 400.85742
394, 360.26733
394, 339.20544
394, 339.09805
394, 405.83456
394, 391.02524
395, 323.47232
395, 349.60345
395, 332.56952
395, 341.8584
395, 340.24326
395, 358.64267
395, 377.76797
395, 390.48016
396, 343.42987
396, 326.94183
396, 340.56607
396, 296.97653
396, 387.55447
396, 400.49768
396, 379.00104
396, 371.57025
397, 376.91882
397, 355.19946
397, 402.64926
397, 397.10114
397, 397.03772
397, 366.00742
397, 420.55685
397, 412.72025
398, 261.04895
398, 322.5955
398, 329.62262
398, 345.83353
398, 274.09464
398, 296.79974
398, 312.25912
398, 333.70648
399, 338.92667
399, 341.18384
399, 333.47153
399, 330.61612
399, 322.1827
399, 329.59314
399, 323.86765
399, 325.96344
400, 209.06882
400, 220.35617
400, 193.7538
400, 214.31065
400, 193.92505
400, 221.84451
400, 176.02635
400, 205.63089
401, 259.6897
401, 254.75787
401, 284.8901
401, 259.88388
401, 263.45206
401, 270.88144
401, 265.87695
401, 281.09494
402, 351.87366
402, 309.11844
402, 386.05325
402, 340.3794
402, 397.249
402, 346.9867
402, 428.62143
402, 398.26105
403, 285.76505
403, 260.45966
403, 328.178
403, 322.27423
403, 311.2437
403, 278.08093
403, 352.31152
403, 325.34045
404, 345.47467
404, 394.06863
404, 350.59042
404, 390.49188
404, 354.61523
404, 396.82004
404, 361.94177
404, 406.80194
405, 372.86026
405, 369.31757
405, 359.89032
405, 354.156
405, 391.18
405, 374.17676
405, 357.1436
405, 355.65594
406, 341.34677
406, 322.04932
406, 340.21896
406, 323.10922
406, 356.1709
406, 335.08914
406, 360.19373
406, 344.69214
407, 471.9431
407, 440.60275
407, 489.13013
407, 455.12155
407, 468.92395
407, 471.75174
407, 495.36713
407, 478.18155
408, 419.40958
408, 438.919
408, 402.81805
408, 421.5662
408, 448.3379
408, 481.8908
408, 405.78564
408, 450.4711
409, 189.2728
409, 198.54877
409, 233.51427
409, 244.32033
409, 207.36755
409, 241.10349
409, 230.7667
409, 251.56934
410, 217.8367
410, 270.93417
410, 214.43755
410, 238.32652
410, 270.40576
410, 298.14612
410, 239.86578
410, 264.98822
411, 213.58356
411, 182.2083
411, 217.23888
411, 202.98323
411, 252.04591
411, 231.21407
411, 253.92781
411, 246.58803
412, 447.0082
412, 435.08603
412, 404.57648
412, 421.6655
412, 473.0023
412, 464.2411
412, 452.1556
412, 456.012
413, 327.73224
413, 335.83438
413, 309.11957
413, 320.86108
413, 347.38535
413, 351.2979
413, 331.47107
413, 333.2147
414, 314.8225
414, 326.6448
414, 312.5031
414, 326.35864
414, 301.53812
414, 319.21173
414, 307.43988
414, 306.45633
415, 308.60437
415, 317.95563
415, 332.1514
415, 333.75024
415, 310.9133
415, 315.3367
415, 334.36166
415, 339.18738
416, 380.8599
416, 364.7785
416, 379.5571
416, 339.79865
416, 367.4038
416, 341.24823
416, 374.02432
416, 334.3399
417, 367.06485
417, 367.4903
417, 342.34674
417, 360.7643
417, 389.8988
417, 397.26227
417, 345.13345
417, 367.6244
418, 366.82053
418, 375.3057
418, 356.82855
418, 363.88626
418, 369.22937
418, 378.93777
418, 350.55933
418, 358.77496
419, 319.14108
419, 329.3859
419, 317.13605
419, 321.1723
419, 316.32275
419, 328.7251
419, 316.43832
419, 322.72516
420, 324.12985
420, 327.42014
420, 258.78104
420, 259.64426
420, 353.1509
420, 345.70642
420, 293.22015
420, 269.1442
421, 264.26727
421, 246.0976
421, 234.2289
421, 217.66478
421, 332.36835
421, 290.192
421, 315.24265
421, 262.53027
422, 350.59155
422, 330.50418
422, 338.25516
422, 334.7295
422, 296.88162
422, 255.99089
422, 281.02957
422, 277.12872
423, 285.31104
423, 323.51373
423, 326.3238
423, 348.79306
423, 247.52884
423, 298.8586
423, 271.61914
423, 340.32925
424, 343.67563
424, 319.06546
424, 333.28485
424, 313.01923
424, 339.6045
424, 342.5062
424, 350.04807
424, 354.7848
425, 283.18854
425, 279.17358
425, 281.4131
425, 274.7943
425, 330.74457
425, 310.03726
425, 337.23553
425, 316.02948
426, 317.60553
426, 312.1658
426, 283.58542
426, 292.49698
426, 333.8132
426, 307.60184
426, 311.9431
426, 284.46298
427, 269.99243
427, 288.2588
427, 275.368
427, 284.6166
427, 266.66525
427, 297.4721
427, 268.605
427, 291.07666
428, 342.5813
428, 334.75638
428, 336.25864
428, 325.07654
428, 343.95303
428, 342.15915
428, 334.9548
428, 328.39536
429, 336.07712
429, 342.65836
429, 320.374
429, 328.89923
429, 338.72256
429, 352.08588
429, 328.3057
429, 341.2233
430, 338.73483
430, 355.0567
430, 323.33203
430, 327.0477
430, 332.3952
430, 340.3508
430, 329.30896
430, 331.20468
431, 273.33606
431, 295.3734
431, 317.94476
431, 366.24908
431, 304.73
431, 311.91525
431, 315.03436
431, 346.67133
432, 374.3837
432, 375.7315
432, 348.58072
432, 359.34607
432, 366.02707
432, 376.09637
432, 342.77722
432, 358.1256
433, 217.96243
433, 217.00491
433, 218.3908
433, 240.16684
433, 191.84897
433, 195.54213
433, 201.09827
433, 203.18855
434, 345.94632
434, 298.06375
434, 368.94797
434, 347.91168
434, 318.25436
434, 273.71082
434, 348.41876
434, 317.14758
435, 257.26407
435, 210.69637
435, 269.23877
435, 255.22707
435, 228.99106
435, 196.35786
435, 234.5042
435, 236.0908
436, 275.9893
436, 237.71745
436, 269.54272
436, 253.2805
436, 282.22433
436, 238.13898
436, 268.64877
436, 242.24336
437, 267.52747
437, 277.5739
437, 280.2745
437, 274.69235
437, 233.8366
437, 260.7584
437, 267.8702
437, 269.15164
438, 261.71924
438, 255.04916
438, 262.73764
438, 258.44437
438, 273.0148
438, 262.70526
438, 264.93967
438, 254.85034
439, 305.72714
439, 310.3389
439, 293.75543
439, 292.6584
439, 297.3211
439, 312.58542
439, 291.99527
439, 290.50943
440, 316.26486
440, 320.12286
440, 315.3934
440, 318.40207
440, 325.86835
440, 326.4077
440, 314.31683
440, 324.02237
441, 283.45715
441, 328.8022
441, 280.21124
441, 339.82556
441, 258.1143
441, 281.5456
441, 225.69418
441, 274.64035
442, 359.22656
442, 361.53992
442, 348.23694
442, 341.9612
442, 330.2405
442, 341.65652
442, 305.6712
442, 313.61115
443, 380.79977
443, 363.62216
443, 360.37164
443, 321.3421
443, 348.50375
443, 365.01382
443, 301.29208
443, 285.37866
444, 326.807
444, 348.46826
444, 282.9929
444, 280.13235
444, 361.03503
444, 371.41437
444, 295.95517
444, 317.60175
445, 339.0526
445, 329.97003
445, 284.09866
445, 287.54108
445, 354.58124
445, 351.67514
445, 316.93967
445, 330.9541
446, 361.18765
446, 349.00937
446, 316.1294
446, 317.031
446, 402.44284
446, 378.20593
446, 366.99774
446, 347.225
447, 276.74347
447, 253.71945
447, 261.68695
447, 229.42041
447, 294.28653
447, 290.84085
447, 295.05426
447, 275.96857
448, 252.67534
448, 250.63249
448, 263.48178
448, 273.2102
448, 283.5749
448, 255.77625
448, 283.44144
448, 271.30392
449, 254.0324
449, 274.45853
449, 280.3389
449, 301.4601
449, 255.96492
449, 291.69818
449, 282.93622
449, 318.96057
450, 285.76694
450, 276.3383
450, 291.53632
450, 271.5905
450, 296.80057
450, 269.021
450, 291.5382
450, 264.4515
451, 300.06873
451, 312.5654
451, 321.55667
451, 341.71857
451, 284.71695
451, 292.45197
451, 288.86545
451, 290.0803
452, 253.68523
452, 221.50412
452, 211.20201
452, 211.27835
452, 160.66377
452, 119.42595
452, 146.34685
452, 130.85751
453, 353.35178
453, 315.81226
453, 370.74368
453, 357.74634
453, 329.46915
453, 319.85706
453, 324.82172
453, 336.6173
454, 358.07126
454, 380.3609
454, 354.94952
454, 409.7003
454, 352.4781
454, 372.3253
454, 388.1786
454, 387.27698
455, 213.90628
455, 235.22432
455, 268.05
455, 278.324
455, 203.39119
455, 195.73729
455, 235.52017
455, 235.01196
456, 379.74887
456, 347.53867
456, 382.3049
456, 343.725
456, 363.6154
456, 321.36462
456, 362.2406
456, 305.66293
457, 363.6972
457, 355.5828
457, 350.62625
457, 358.52188
457, 345.056
457, 347.06396
457, 326.9784
457, 295.8813
458, 307.13892
458, 288.37424
458, 272.03842
458, 261.72598
458, 317.64417
458, 294.71396
458, 275.50043
458, 260.06482
459, 328.06442
459, 366.5613
459, 293.25943
459, 336.52322
459, 311.02603
459, 351.57483
459, 290.79596
459, 308.13525
460, 272.7216
460, 244.24574
460, 297.14087
460, 284.89633
460, 269.08643
460, 229.91386
460, 301.89633
460, 271.2026
461, 330.84293
461, 326.19952
461, 347.81268
461, 363.85187
461, 334.2548
461, 308.3522
461, 355.2958
461, 356.28033
462, 343.1599
462, 281.01685
462, 324.57413
462, 262.82047
462, 230.75488
462, 201.88373
462, 202.5524
462, 166.80923
463, 202.1595
463, 230.50015
463, 210.74146
463, 215.87144
463, 243.48026
463, 257.0797
463, 246.65753
463, 249.31448
464, 258.60126
464, 292.0
464, 252.98476
464, 285.97025
464, 265.31985
464, 307.23123
464, 264.9478
464, 275.45596
465, 338.9424
465, 346.33087
465, 339.35376
465, 278.75745
465, 347.8437
465, 337.5862
465, 283.91672
465, 285.16336
466, 303.5364
466, 247.32103
466, 271.29932
466, 234.44913
466, 333.85587
466, 351.41254
466, 318.75433
466, 283.7434
467, 180.21996
467, 242.11853
467, 228.94066
467, 255.72722
467, 227.73796
467, 225.79024
467, 229.96631
467, 205.80557
468, 384.3437
468, 400.4209
468, 402.95868
468, 415.57394
468, 383.95883
468, 340.09995
468, 380.06088
468, 376.8735
469, 202.17905
469, 203.82744
469, 180.88016
469, 184.40453
469, 176.76753
469, 171.01779
469, 162.53984
469, 153.08383
470, 425.98358
470, 447.70926
470, 448.53442
470, 435.24988
470, 354.3015
470, 411.6987
470, 420.0668
470, 403.46307
471, 199.83943
471, 207.83589
471, 185.96796
471, 182.07234
471, 205.70488
471, 203.55717
471, 171.76727
471, 167.82288
472, 380.3744
472, 336.199
472, 377.9985
472, 298.7559
472, 393.00522
472, 357.3801
472, 373.9564
472, 339.36642
473, 251.4985
473, 217.51945
473, 215.66026
473, 230.64803
473, 282.30118
473, 243.97525
473, 259.40787
473, 271.3134
474, 311.10764
474, 323.17844
474, 295.51712
474, 314.6355
474, 298.87915
474, 324.50983
474, 291.60208
474, 308.75085
475, 292.8188
475, 294.88214
475, 298.0129
475, 304.24323
475, 284.64648
475, 291.46295
475, 307.9141
475, 326.87518
476, 350.71716
476, 319.03818
476, 364.85837
476, 346.65762
476, 368.8256
476, 331.1476
476, 357.42294
476, 318.05283
477, 253.24635
477, 246.31029
477, 261.2834
477, 249.76314
477, 294.42316
477, 312.3807
477, 301.95856
477, 326.99194
478, 231.20142
478, 227.4165
478, 247.57521
478, 243.87839
478, 240.97298
478, 240.9817
478, 289.4944
478, 292.39645
479, 260.18756
479, 242.67682
479, 232.58179
479, 203.68048
479, 266.79706
479, 223.54453
479, 233.74149
479, 205.20119
480, 221.06256
480, 242.97426
480, 175.55159
480, 256.9705
480, 239.30165
480, 269.9328
480, 213.28175
480, 296.37378
481, 394.49356
481, 399.75174
481, 413.75558
481, 393.12897
481, 365.9094
481, 369.03308
481, 388.55692
481, 372.7593
482, 362.6401
482, 357.38724
482, 356.71426
482, 352.77463
482, 351.76343
482, 353.00183
482, 350.67
482, 348.69083
483, 330.1733
483, 314.74466
483, 338.56873
483, 344.57385
483, 308.80505
483, 304.7807
483, 332.85278
483, 337.88776
484, 257.41718
484, 275.07565
484, 240.2249
484, 274.3113
484, 289.40173
484, 298.31253
484, 280.1679
484, 278.2115
485, 241.02635
485, 250.95335
485, 250.6473
485, 260.65656
485, 255.33063
485, 256.88477
485, 276.1007
485, 299.6681
486, 254.82686
486, 277.46964
486, 273.24734
486, 294.51892
486, 277.92996
486, 264.4233
486, 294.7374
486, 276.99472
487, 349.62497
487, 324.41028
487, 358.09055
487, 336.8547
487, 284.2762
487, 254.73256
487, 311.59952
487, 282.14062
488, 316.7424
488, 322.21292
488, 311.73596
488, 326.95483
488, 288.39697
488, 283.6765
488, 263.18466
488, 281.07822
489, 323.72586
489, 287.37717
489, 361.2623
489, 326.84747
489, 275.40463
489, 276.9955
489, 308.51425
489, 318.23172
490, 203.50218
490, 249.72307
490, 218.54613
490, 252.01636
490, 191.07593
490, 267.39325
490, 212.32397
490, 263.33038
491, 367.23935
491, 381.22815
491, 389.74033
491, 408.0203
491, 367.00333
491, 391.3049
491, 370.74564
491, 400.2146
492, 397.90576
492, 375.28098
492, 399.69733
492, 381.99283
492, 383.10034
492, 374.71204
492, 386.14868
492, 374.18604
493, 369.0784
493, 328.61475
493, 353.32806
493, 314.17563
493, 378.41852
493, 373.1
493, 368.73077
493, 356.46326
494, 280.25903
494, 276.89413
494, 277.44702
494, 269.70322
494, 281.46667
494, 285.39404
494, 279.81616
494, 283.92383
495, 242.44713
495, 250.40315
495, 249.19366
495, 255.89326
495, 269.80884
495, 247.49435
495, 275.20737
495, 270.84152
496, 291.7087
496, 273.74387
496, 335.12692
496, 311.11496
496, 270.84653
496, 292.8927
496, 290.241
496, 282.46902
497, 224.22467
497, 240.51048
497, 264.12875
497, 253.24527
497, 155.12901
497, 199.39078
497, 215.97772
497, 271.87592
498, 385.67242
498, 358.9863
498, 352.7224
498, 327.5716
498, 346.53433
498, 319.31317
498, 315.51605
498, 296.5392
499, 375.00333
499, 386.79672
499, 365.06094
499, 382.4495
499, 319.43094
499, 311.83786
499, 314.2089
499, 314.136
500, 327.8876
500, 312.90387
500, 313.63907
500, 302.13986
500, 269.11795
500, 262.0773
500, 265.07336
500, 263.2111
501, 254.29776
501, 287.48187
501, 307.2641
501, 329.2125
501, 252.81084
501, 296.1699
501, 291.07272
501, 308.36526
502, 321.2729
502, 371.1327
502, 313.11603
502, 347.1384
502, 314.22046
502, 371.64087
502, 295.94583
502, 347.31036
503, 407.8355
503, 401.9855
503, 393.17642
503, 390.12988
503, 383.45184
503, 365.19568
503, 365.9779
503, 354.7251
504, 397.6975
504, 388.3409
504, 381.95786
504, 380.53656
504, 378.32578
504, 371.72827
504, 358.7331
504, 360.70905
505, 315.5283
505, 308.38928
505, 320.38922
505, 293.93378
505, 263.45563
505, 235.37564
505, 320.49207
505, 256.12427
506, 264.49832
506, 257.58804
506, 271.3714
506, 282.21124
506, 226.8141
506, 223.14915
506, 223.89212
506, 238.86049
507, 389.51544
507, 367.7738
507, 354.43832
507, 372.60852
507, 430.077
507, 393.3151
507, 364.7187
507, 370.4107
508, 320.38397
508, 335.5088
508, 338.5029
508, 337.7388
508, 295.41748
508, 300.29755
508, 281.84866
508, 269.49695
509, 270.6025
509, 248.61932
509, 294.27182
509, 266.1135
509, 242.97583
509, 243.08311
509, 309.05066
509, 294.95737
510, 286.49457
510, 302.1919
510, 345.3793
510, 346.3699
510, 303.48825
510, 315.14227
510, 367.22073
510, 363.55887
511, 271.9836
511, 299.8267
511, 324.23138
511, 336.51108
511, 294.4653
511, 290.1699
511, 345.7012
511, 334.47382
512, 360.82733
512, 392.4141
512, 322.04227
512, 365.72223
512, 343.23947
512, 365.63916
512, 318.83524
512, 347.21512
513, 327.794
513, 348.88293
513, 344.5343
513, 344.01514
513, 322.64572
513, 352.32358
513, 332.58905
513, 337.14294
514, 362.9182
514, 352.5944
514, 363.7893
514, 343.7175
514, 350.23822
514, 330.29095
514, 341.21646
514, 323.67575
515, 370.53906
515, 375.02444
515, 400.60815
515, 400.77228
515, 345.35727
515, 339.63586
515, 391.66827
515, 370.4706
516, 421.69684
516, 437.7991
516, 381.3105
516, 391.3909
516, 385.82248
516, 378.58688
516, 344.7223
516, 331.21323
517, 418.79172
517, 379.9301
517, 374.07162
517, 353.9534
517, 385.86703
517, 376.10446
517, 340.15863
517, 348.12894
518, 262.1688
518, 272.72327
518, 255.93607
518, 241.38654
518, 295.1708
518, 292.00668
518, 258.0504
518, 250.68576
519, 354.81012
519, 328.28082
519, 362.42957
519, 320.7808
519, 386.057
519, 345.95358
519, 395.28525
519, 363.24496
520, 100.18592
520, 102.371765
520, 117.33088
520, 125.460266
520, 140.70573
520, 131.73657
520, 162.69357
520, 149.64815
521, 505.68814
521, 518.30194
521, 516.1267
521, 524.08276
521, 507.61533
521, 518.6293
521, 516.647
521, 523.7418
522, 246.21007
522, 270.56082
522, 269.923
522, 292.32657
522, 246.8976
522, 261.0192
522, 264.76123
522, 285.7277
523, 437.2854
523, 411.03397
523, 450.98807
523, 396.0579
523, 442.94534
523, 413.5606
523, 445.22583
523, 400.2322
524, 351.9024
524, 334.2592
524, 364.95642
524, 342.46973
524, 335.312
524, 299.88666
524, 338.63367
524, 308.70776
525, 357.9187
525, 383.76602
525, 337.60428
525, 372.60947
525, 348.91617
525, 368.05362
525, 322.3115
525, 359.2875
526, 329.58493
526, 348.2982
526, 302.2609
526, 325.7262
526, 330.18015
526, 352.26303
526, 314.6437
526, 341.8866
527, 363.32504
527, 351.9559
527, 358.8434
527, 361.93057
527, 353.2512
527, 345.26776
527, 347.6993
527, 344.41888
528, 290.1256
528, 275.2714
528, 298.68085
528, 285.07755
528, 320.14444
528, 311.35837
528, 295.87524
528, 288.19846
529, 396.07477
529, 440.13885
529, 368.3409
529, 430.409
529, 381.41144
529, 421.28375
529, 351.4528
529, 417.73953
530, 243.46248
530, 247.6061
530, 229.2339
530, 262.54538
530, 257.67023
530, 267.92804
530, 246.91396
530, 268.21356
531, 238.25253
531, 249.65364
531, 234.80595
531, 248.25092
531, 272.00098
531, 268.3406
531, 270.01422
531, 265.12234
532, 263.80206
532, 252.72661
532, 263.1991
532, 249.30753
532, 262.70105
532, 261.92667
532, 267.57162
532, 262.16812
533, 286.4489
533, 241.35484
533, 268.224
533, 229.07085
533, 307.2381
533, 285.70255
533, 284.85266
533, 289.421
534, 377.51038
534, 388.15695
534, 348.72495
534, 371.98624
534, 386.74097
534, 395.8267
534, 374.84293
534, 388.33972
535, 334.07147
535, 328.15234
535, 313.5024
535, 329.36884
535, 331.16324
535, 317.5693
535, 318.33722
535, 319.31476
536, 325.28748
536, 337.80478
536, 344.40295
536, 355.2061
536, 299.91904
536, 328.46686
536, 307.5813
536, 331.57306
537, 381.26135
537, 321.08304
537, 394.98846
537, 341.14413
537, 415.12097
537, 377.379
537, 418.79712
537, 374.9492
538, 331.6302
538, 345.60144
538, 320.5104
538, 326.2542
538, 315.06677
538, 310.45615
538, 307.5631
538, 314.72757
539, 318.41556
539, 321.8894
539, 296.46512
539, 299.056
539, 316.9979
539, 318.6973
539, 300.81375
539, 300.47592
540, 348.79132
540, 351.07404
540, 373.6691
540, 377.1109
540, 334.0611
540, 352.08246
540, 349.13312
540, 362.89578
541, 364.58478
541, 354.67926
541, 329.6124
541, 298.54684
541, 377.72635
541, 383.86014
541, 357.6254
541, 336.2333
542, 341.2853
542, 310.35718
542, 308.0714
542, 260.37698
542, 334.67978
542, 306.30066
542, 298.04852
542, 291.41388
543, 313.33182
543, 337.94275
543, 276.90787
543, 294.44644
543, 364.19284
543, 389.50845
543, 328.36798
543, 345.7668
544, 339.47372
544, 363.9756
544, 289.88034
544, 345.60114
544, 370.7194
544, 361.8664
544, 326.51413
544, 324.73093
545, 374.32498
545, 373.61566
545, 402.81775
545, 388.4782
545, 348.71753
545, 373.59238
545, 368.9264
545, 389.44135
546, 150.6254
546, 171.03117
546, 187.43022
546, 184.40146
546, 153.03508
546, 173.42554
546, 186.59697
546, 196.16394
547, 386.62845
547, 347.5511
547, 381.43872
547, 323.73117
547, 368.3486
547, 326.8868
547, 382.9429
547, 324.2269
548, 309.18155
548, 299.94952
548, 290.49136
548, 314.48163
548, 317.378
548, 277.5118
548, 278.52606
548, 274.43542
549, 320.46692
549, 324.71533
549, 342.3352
549, 336.49542
549, 282.05725
549, 309.50418
549, 308.09296
549, 320.14725
550, 329.06522
550, 341.20306
550, 351.4169
550, 361.2196
550, 325.6385
550, 338.09363
550, 335.87198
550, 346.1236
551, 328.2023
551, 350.93576
551, 313.91296
551, 318.1226
551, 314.033
551, 339.29904
551, 317.8315
551, 333.16293
552, 341.0119
552, 321.7732
552, 319.26266
552, 317.42957
552, 367.68735
552, 337.4829
552, 323.93436
552, 305.75977
553, 339.32965
553, 339.64062
553, 295.4655
553, 310.4246
553, 321.2605
553, 310.7232
553, 267.32053
553, 262.68546
554, 357.90567
554, 370.71646
554, 406.32812
554, 379.30728
554, 305.53268
554, 344.83032
554, 326.99283
554, 335.51788
555, 326.85553
555, 338.89297
555, 331.81378
555, 344.60632
555, 329.80072
555, 353.34256
555, 332.84766
555, 355.89294
556, 376.2176
556, 376.93494
556, 373.4711
556, 366.22003
556, 368.50714
556, 367.35815
556, 386.59927
556, 376.12692
557, 305.83755
557, 273.73605
557, 274.68008
557, 237.26535
557, 342.3859
557, 330.07974
557, 293.8763
557, 274.00693
558, 281.59207
558, 287.87143
558, 275.68494
558, 298.1633
558, 319.30316
558, 304.1275
558, 295.25897
558, 294.21442
559, 300.10757
559, 307.68564
559, 303.31915
559, 305.3039
559, 294.91736
559, 300.74133
559, 297.4462
559, 300.8196
560, 327.67807
560, 330.9907
560, 322.46283
560, 329.34647
560, 329.07544
560, 322.4575
560, 314.76126
560, 314.74377
561, 330.48618
561, 331.60898
561, 337.06363
561, 321.67703
561, 321.67578
561, 320.44632
561, 337.9172
561, 325.7805
562, 258.46548
562, 263.97256
562, 281.31223
562, 254.39009
562, 302.08212
562, 278.2709
562, 320.87006
562, 279.42798
563, 356.03702
563, 367.29062
563, 317.07767
563, 315.86423
563, 323.32675
563, 327.13507
563, 339.2484
563, 283.9072
564, 307.83133
564, 337.2058
564, 318.88516
564, 287.6258
564, 305.35663
564, 370.91806
564, 306.28854
564, 303.24277
565, 349.14352
565, 307.5577
565, 271.1114
565, 271.0514
565, 367.09424
565, 287.16348
565, 297.72977
565, 260.1476
566, 307.46265
566, 337.51233
566, 286.3444
566, 313.38284
566, 294.38702
566, 337.92007
566, 272.79718
566, 312.936
567, 267.34415
567, 246.90634
567, 258.94562
567, 259.6583
567, 277.7913
567, 259.87622
567, 258.4147
567, 251.6647
568, 295.13425
568, 283.83807
568, 272.0851
568, 270.4738
568, 307.95923
568, 290.24518
568, 282.20825
568, 275.91235
569, 301.15683
569, 288.8511
569, 295.2929
569, 269.57455
569, 309.21344
569, 294.07132
569, 303.35156
569, 291.62582
570, 257.40347
570, 304.4263
570, 282.0876
570, 329.92435
570, 285.1589
570, 299.18515
570, 295.83905
570, 307.42078
571, 338.34778
571, 325.84906
571, 350.8121
571, 328.60455
571, 318.4674
571, 328.87973
571, 331.04007
571, 324.894
572, 350.90048
572, 328.25754
572, 329.72244
572, 336.3539
572, 367.749
572, 368.87793
572, 348.87985
572, 358.98495
573, 321.1173
573, 310.65738
573, 320.73154
573, 319.16257
573, 315.15747
573, 316.0527
573, 309.04337
573, 317.4653
574, 365.99326
574, 376.32635
574, 361.05325
574, 349.33612
574, 405.06726
574, 384.89896
574, 392.8745
574, 383.18082
575, 162.47343
575, 192.0152
575, 198.67415
575, 220.87035
575, 180.41765
575, 193.36658
575, 231.92084
575, 208.1923
576, 321.1701
576, 329.28003
576, 323.9341
576, 293.48578
576, 333.10202
576, 338.43176
576, 313.95633
576, 274.64993
577, 323.2781
577, 316.80597
577, 292.17038
577, 295.14948
577, 323.17426
577, 313.2687
577, 311.66284
577, 313.82196
578, 363.90067
578, 332.74625
578, 345.18027
578, 343.6618
578, 383.36984
578, 341.81262
578, 353.29272
578, 335.96976
579, 291.8203
579, 286.99704
579, 329.40488
579, 306.99127
579, 262.71863
579, 269.74814
579, 314.91934
579, 301.68365
580, 276.26617
580, 296.21423
580, 248.22566
580, 250.7107
580, 306.8275
580, 320.77682
580, 307.8376
580, 296.65662
581, 294.32025
581, 240.52504
581, 270.04633
581, 242.98975
581, 322.06464
581, 254.7663
581, 309.83362
581, 288.34634
582, 296.74637
582, 314.65814
582, 314.7925
582, 323.85275
582, 294.72903
582, 313.92123
582, 320.7455
582, 336.0712
583, 301.9429
583, 318.9667
583, 283.73932
583, 299.21997
583, 311.07568
583, 302.76733
583, 318.7847
583, 319.4737
584, 344.9511
584, 347.69125
584, 280.75143
584, 259.95154
584, 345.38898
584, 337.52066
584, 270.60535
584, 248.1148
585, 402.54626
585, 384.9481
585, 350.3517
585, 368.43524
585, 422.06833
585, 403.7004
585, 350.53186
585, 373.54828
586, 347.6423
586, 364.0195
586, 279.63223
586, 319.60104
586, 333.03088
586, 355.33478
586, 306.91226
586, 350.77386
587, 341.15527
587, 348.80197
587, 333.5944
587, 295.39835
587, 330.26184
587, 329.54984
587, 342.61185
587, 331.84
588, 294.0322
588, 322.03848
588, 298.64108
588, 304.2572
588, 354.46417
588, 358.96265
588, 331.60098
588, 308.0531
589, 349.82565
589, 336.62488
589, 290.59363
589, 321.21033
589, 344.64334
589, 333.43597
589, 277.4417
589, 325.5355
590, 347.7314
590, 316.4018
590, 321.0645
590, 303.27493
590, 327.0383
590, 305.94934
590, 305.61475
590, 285.86136
591, 335.97287
591, 362.84113
591, 391.72836
591, 396.74384
591, 330.5455
591, 308.6185
591, 318.32245
591, 362.3891
592, 366.82468
592, 360.5898
592, 386.88034
592, 362.44067
592, 305.42627
592, 304.08722
592, 347.09216
592, 333.28714
593, 322.13092
593, 325.30023
593, 286.4312
593, 279.26566
593, 290.9363
593, 315.5212
593, 280.78107
593, 285.54794
594, 296.57285
594, 316.38446
594, 227.79431
594, 241.27536
594, 316.1731
594, 320.46173
594, 262.40964
594, 257.7514
595, 269.21664
595, 278.5143
595, 251.81483
595, 267.2208
595, 280.05768
595, 266.27573
595, 288.3422
595, 274.96
596, 299.6448
596, 264.43387
596, 278.60648
596, 302.8143
596, 290.79102
596, 278.70142
596, 303.3533
596, 329.2677
597, 347.3326
597, 352.16635
597, 361.39682
597, 338.69272
597, 339.74844
597, 334.55887
597, 344.32852
597, 293.73114
598, 313.60803
598, 304.53085
598, 302.26367
598, 299.49695
598, 299.79166
598, 297.04422
598, 280.9319
598, 266.9503
599, 335.37964
599, 351.14197
599, 344.0155
599, 347.7674
599, 318.71707
599, 340.91394
599, 306.8553
599, 329.1278
600, 236.3407
600, 262.0199
600, 242.05043
600, 287.61838
600, 248.43329
600, 280.77774
600, 224.64485
600, 291.1757
601, 329.97562
601, 354.25204
601, 326.30118
601, 351.21457
601, 335.22568
601, 363.55786
601, 346.68277
601, 353.6753
602, 356.4359
602, 377.14108
602, 364.93127
602, 356.29514
602, 342.5523
602, 356.58542
602, 353.06253
602, 350.91797
603, 359.75708
603, 351.83246
603, 346.96368
603, 308.67273
603, 329.91162
603, 308.09213
603, 329.7026
603, 271.3264
604, 333.38885
604, 337.22574
604, 317.16385
604, 330.12088
604, 314.94714
604, 304.89703
604, 278.2216
604, 292.4269
605, 293.4872
605, 271.7623
605, 283.63174
605, 260.31558
605, 263.38077
605, 260.61407
605, 263.19446
605, 244.53333
606, 365.03366
606, 391.96143
606, 384.81982
606, 384.3828
606, 360.29462
606, 369.47403
606, 393.73233
606, 359.17184
607, 341.86536
607, 345.23346
607, 365.45102
607, 323.85922
607, 308.96326
607, 300.80136
607, 323.18268
607, 298.9798
608, 361.30695
608, 365.93283
608, 407.5795
608, 380.9868
608, 358.83954
608, 381.5554
608, 390.1685
608, 364.33575
609, 331.15363
609, 321.47168
609, 367.6142
609, 339.51227
609, 292.4836
609, 294.34036
609, 351.89227
609, 319.7636
610, 287.38736
610, 268.97867
610, 301.14905
610, 288.41623
610, 257.11008
610, 250.73216
610, 276.34814
610, 267.50607
611, 233.70602
611, 201.87662
611, 263.32245
611, 248.18346
611, 246.42213
611, 243.86449
611, 265.77795
611, 268.95078
612, 295.6668
612, 276.84323
612, 312.7157
612, 294.15167
612, 262.55978
612, 295.28366
612, 316.2235
612, 327.84473
613, 296.03442
613, 360.74142
613, 300.97446
613, 323.60535
613, 327.54086
613, 314.7278
613, 307.76373
613, 291.8161
614, 394.6195
614, 399.696
614, 408.44986
614, 416.26276
614, 385.05325
614, 378.25046
614, 395.9802
614, 391.2765
615, 446.5383
615, 444.9993
615, 470.30298
615, 470.01987
615, 389.34137
615, 386.17017
615, 395.28973
615, 401.21155
616, 421.89328
616, 406.53766
616, 430.51938
616, 417.9792
616, 401.2062
616, 392.7928
616, 411.99564
616, 405.12698
617, 367.09995
617, 361.5229
617, 386.96326
617, 379.56525
617, 340.08798
617, 335.33218
617, 358.83795
617, 351.2416
618, 373.31464
618, 399.14255
618, 379.81897
618, 413.02615
618, 346.2873
618, 389.33878
618, 356.0184
618, 403.84665
619, 242.10976
619, 253.8703
619, 244.16989
619, 253.40506
619, 244.6306
619, 266.3918
619, 276.73233
619, 266.8818
620, 358.1966
620, 318.58023
620, 366.67172
620, 335.84384
620, 367.85144
620, 326.58768
620, 355.17758
620, 332.19946
621, 277.82745
621, 270.88605
621, 269.40204
621, 261.60028
621, 267.95853
621, 248.14186
621, 272.40494
621, 256.4629
622, 252.54903
622, 260.46844
622, 265.65958
622, 276.63422
622, 222.91898
622, 225.90118
622, 253.08846
622, 254.93346
623, 327.05005
623, 315.2834
623, 309.97577
623, 335.81036
623, 343.67514
623, 300.97058
623, 301.2273
623, 289.84348
624, 348.62595
624, 343.98874
624, 347.85245
624, 357.3043
624, 319.2842
624, 323.21695
624, 292.64914
624, 310.03928
625, 444.79688
625, 439.4306
625, 444.91934
625, 433.71835
625, 424.60187
625, 420.3548
625, 396.1036
625, 397.01953
626, 483.8824
626, 463.26193
626, 469.69855
626, 446.3943
626, 409.7682
626, 387.6055
626, 446.3568
626, 421.07587
627, 390.97723
627, 378.547
627, 409.21146
627, 387.0098
627, 351.22528
627, 344.97845
627, 374.49814
627, 362.5431
628, 243.7161
628, 190.50659
628, 267.6699
628, 215.68512
628, 263.0124
628, 238.83826
628, 275.3937
628, 270.82773
629, 344.95837
629, 273.98163
629, 261.15134
629, 264.5106
629, 377.89468
629, 334.34818
629, 368.87427
629, 314.6819
630, 243.655
630, 274.76117
630, 317.48447
630, 334.87524
630, 256.50204
630, 267.00955
630, 304.13498
630, 297.29282
631, 240.57965
631, 278.7819
631, 324.07907
631, 325.356
631, 222.687
631, 278.55057
631, 304.84393
631, 312.59042
632, 282.83954
632, 260.07993
632, 313.38248
632, 304.6816
632, 249.9101
632, 227.55882
632, 289.7064
632, 276.8968
633, 288.1403
633, 315.35934
633, 288.58264
633, 315.72293
633, 265.1881
633, 308.01608
633, 275.49072
633, 311.9858
634, 286.5961
634, 331.8068
634, 258.2883
634, 292.88138
634, 276.12903
634, 296.24023
634, 268.36188
634, 271.08517
635, 350.77844
635, 336.01425
635, 327.6265
635, 308.04498
635, 331.32852
635, 315.616
635, 307.22897
635, 289.35806
636, 372.48264
636, 371.5351
636, 391.42276
636, 363.5979
636, 358.6297
636, 377.59164
636, 361.80502
636, 352.22403
637, 453.3838
637, 451.6687
637, 399.1692
637, 431.7585
637, 486.61984
637, 496.5545
637, 423.83096
637, 468.10947
638, 267.06595
638, 271.60687
638, 259.0718
638, 290.57108
638, 295.30627
638, 307.17944
638, 294.94028
638, 310.30817
639, 261.2629
639, 234.27312
639, 220.1248
639, 204.33635
639, 210.98244
639, 192.87106
639, 203.8502
639, 195.57054
640, 226.9162
640, 263.6505
640, 210.79057
640, 250.5735
640, 212.96716
640, 294.9499
640, 175.02968
640, 256.40814
641, 229.35336
641, 223.30907
641, 237.65639
641, 234.48885
641, 233.26314
641, 237.08919
641, 225.50212
641, 247.52045
642, 221.144
642, 221.25694
642, 219.30376
642, 228.61414
642, 251.40071
642, 239.37263
642, 251.39458
642, 251.29819
643, 251.46469
643, 254.66748
643, 258.398
643, 261.2369
643, 257.12766
643, 261.94586
643, 266.39938
643, 265.50775
644, 211.84247
644, 200.1759
644, 238.27342
644, 228.39035
644, 198.53625
644, 186.53804
644, 229.88301
644, 216.77312
645, 400.08478
645, 386.2372
645, 415.50012
645, 369.51877
645, 398.30276
645, 392.35675
645, 425.01434
645, 412.2016
646, 350.36612
646, 383.21295
646, 313.8736
646, 345.2661
646, 389.71024
646, 385.83804
646, 342.8452
646, 346.24628
647, 317.83594
647, 352.12302
647, 311.98953
647, 337.16013
647, 305.34967
647, 335.1122
647, 305.4803
647, 329.18384
648, 334.87378
648, 316.82532
648, 311.52887
648, 295.1787
648, 316.53134
648, 301.12283
648, 294.94202
648, 276.28543
649, 316.0638
649, 300.4559
649, 281.794
649, 273.46774
649, 277.43005
649, 241.94536
649, 249.93916
649, 254.72128
650, 371.0496
650, 399.8227
650, 283.26636
650, 352.6175
650, 404.3238
650, 424.4786
650, 296.5197
650, 354.19922
651, 227.52988
651, 239.93411
651, 228.95517
651, 282.37656
651, 261.41678
651, 265.22543
651, 208.08942
651, 247.95587
652, 244.06506
652, 249.06256
652, 225.0374
652, 233.6204
652, 242.12657
652, 232.2039
652, 248.85051
652, 236.89438
653, 273.85522
653, 271.4526
653, 305.13696
653, 273.70013
653, 291.30676
653, 272.7871
653, 296.82864
653, 257.64383
654, 332.69165
654, 315.1484
654, 312.66055
654, 296.83627
654, 318.79663
654, 311.344
654, 304.50674
654, 293.36337
655, 294.76852
655, 295.7897
655, 279.63416
655, 311.00967
655, 275.7567
655, 288.40286
655, 261.97314
655, 286.79565
656, 283.18414
656, 261.81027
656, 293.28302
656, 266.64297
656, 276.56378
656, 258.56213
656, 292.21384
656, 265.8466
657, 369.05112
657, 382.2111
657, 396.84744
657, 421.1507
657, 360.4484
657, 370.99567
657, 383.4771
657, 397.52414
658, 239.43413
658, 228.47925
658, 238.29153
658, 234.0009
658, 229.15182
658, 217.50838
658, 216.19382
658, 219.26677
659, 335.143
659, 300.5765
659, 339.57648
659, 291.0803
659, 334.13843
659, 308.8683
659, 342.75348
659, 296.14926
660, 284.67957
660, 285.84094
660, 276.33893
660, 257.48206
660, 298.2298
660, 305.7436
660, 282.17078
660, 259.80597
661, 355.72595
661, 361.81668
661, 365.79047
661, 365.67676
661, 365.75894
661, 371.6688
661, 379.89362
661, 380.68518
662, 317.35928
662, 221.22212
662, 282.0187
662, 176.57181
662, 321.56027
662, 233.97955
662, 316.07867
662, 226.55305
663, 223.89098
663, 275.5029
663, 179.55133
663, 243.22581
663, 238.70218
663, 256.45132
663, 212.16277
663, 262.37183
664, 111.63861
664, 130.1877
664, 89.01675
664, 128.74939
664, 121.75424
664, 135.70499
664, 100.55251
664, 119.07813
665, 393.98465
665, 398.59808
665, 380.33536
665, 365.38306
665, 385.67133
665, 411.62595
665, 366.20978
665, 390.82672
666, 327.7053
666, 314.72516
666, 357.9222
666, 347.2946
666, 322.63446
666, 309.21024
666, 352.32214
666, 354.61884
667, 376.99866
667, 349.60336
667, 380.5048
667, 385.83633
667, 391.38556
667, 340.4072
667, 369.39886
667, 352.50565
668, 314.22458
668, 327.9705
668, 369.35556
668, 353.49402
668, 297.0969
668, 351.0423
668, 350.55627
668, 379.11935
669, 359.78607
669, 336.4611
669, 315.75568
669, 291.05624
669, 393.83243
669, 363.92227
669, 362.23425
669, 329.85745
670, 304.1443
670, 310.16144
670, 304.53845
670, 334.5224
670, 331.42694
670, 317.01263
670, 317.54968
670, 328.9146
671, 326.47272
671, 316.9492
671, 345.45023
671, 345.87772
671, 339.16705
671, 330.93646
671, 351.81396
671, 344.6313
672, 367.28305
672, 363.82166
672, 376.6073
672, 398.30496
672, 362.29413
672, 358.80356
672, 401.2145
672, 407.4605
673, 356.1136
673, 330.63416
673, 385.87585
673, 355.24136
673, 369.26053
673, 355.66083
673, 409.6252
673, 390.1459
674, 262.56705
674, 239.82307
674, 219.41516
674, 199.63315
674, 254.79085
674, 248.70773
674, 204.40822
674, 207.6319
675, 288.2605
675, 315.4829
675, 269.19278
675, 314.4225
675, 293.2111
675, 323.70312
675, 273.43207
675, 314.45355
676, 293.29297
676, 295.66937
676, 331.8264
676, 331.57098
676, 322.484
676, 300.6469
676, 377.18494
676, 382.69394
677, 356.94922
677, 333.9666
677, 379.1108
677, 371.96597
677, 358.54956
677, 332.24457
677, 374.08246
677, 363.4301
678, 324.2513
678, 333.24792
678, 306.78906
678, 321.9039
678, 276.41626
678, 292.00247
678, 276.57254
678, 280.58356
679, 328.32138
679, 326.3399
679, 340.3391
679, 335.72363
679, 302.28894
679, 310.9302
679, 319.3945
679, 326.27222
680, 322.69846
680, 316.01547
680, 340.28967
680, 338.53223
680, 315.59528
680, 310.4779
680, 331.7849
680, 328.9987
681, 349.37753
681, 360.58817
681, 356.7382
681, 367.53918
681, 347.1729
681, 372.69907
681, 350.6268
681, 356.87643
682, 355.65674
682, 360.11533
682, 364.2594
682, 359.67618
682, 354.43253
682, 348.55014
682, 343.14478
682, 329.32767
683, 277.41315
683, 272.53067
683, 285.71222
683, 237.35536
683, 340.3767
683, 333.98978
683, 300.53473
683, 286.3436
684, 447.54407
684, 419.78915
684, 462.22318
684, 468.6499
684, 505.9514
684, 468.21582
684, 500.72852
684, 496.0387
685, 258.94284
685, 279.44354
685, 277.2549
685, 311.02893
685, 276.65698
685, 288.76096
685, 311.49023
685, 328.13168
686, 382.95187
686, 355.48547
686, 386.84338
686, 358.54343
686, 374.56293
686, 360.97458
686, 388.58948
686, 366.51062
687, 397.45312
687, 399.1238
687, 332.2445
687, 343.95605
687, 447.11993
687, 437.03964
687, 394.1786
687, 384.39688
688, 379.78726
688, 387.66953
688, 386.63644
688, 394.75775
688, 356.7032
688, 340.27628
688, 364.13498
688, 359.85355
689, 303.99973
689, 314.31152
689, 340.31268
689, 336.55957
689, 238.5597
689, 265.26282
689, 278.0528
689, 296.24155
690, 342.52682
690, 325.77856
690, 326.9524
690, 307.51865
690, 321.6387
690, 319.38562
690, 298.2438
690, 296.31915
691, 339.20566
691, 334.66583
691, 332.6741
691, 326.1112
691, 340.99194
691, 348.46176
691, 330.45807
691, 335.3586
692, 345.51007
692, 361.4551
692, 331.611
692, 354.1012
692, 367.7754
692, 367.68073
692, 357.0494
692, 357.90717
693, 290.4808
693, 320.75223
693, 271.4096
693, 311.23926
693, 322.16415
693, 332.53534
693, 299.22556
693, 330.68445
694, 298.0962
694, 309.05948
694, 317.2581
694, 319.46484
694, 333.54764
694, 355.93228
694, 344.5755
694, 354.0658
695, 355.7549
695, 385.21188
695, 360.4462
695, 394.33948
695, 403.2867
695, 409.42496
695, 397.03317
695, 406.08762
696, 370.76947
696, 389.7345
696, 426.93936
696, 437.41507
696, 417.8242
696, 435.1958
696, 431.20438
696, 435.06042
697, 429.86832
697, 407.52335
697, 406.94482
697, 365.9282
697, 452.7835
697, 421.2265
697, 422.0092
697, 377.7489
698, 314.96396
698, 295.3741
698, 312.76813
698, 317.04404
698, 324.99573
698, 324.93002
698, 317.514
698, 320.37173
699, 285.65503
699, 271.98108
699, 274.01703
699, 270.2639
699, 293.83008
699, 280.86725
699, 278.38553
699, 262.57877
700, 305.4069
700, 331.9949
700, 311.08978
700, 320.893
700, 297.58655
700, 334.95975
700, 294.8293
700, 321.4432
701, 287.40405
701, 297.6266
701, 291.45395
701, 301.21008
701, 264.34387
701, 276.50925
701, 288.46298
701, 296.61526
702, 338.4519
702, 347.3022
702, 313.20132
702, 311.71387
702, 324.69586
702, 330.19388
702, 299.29324
702, 280.74304
703, 372.13852
703, 377.90356
703, 359.3377
703, 361.2551
703, 354.18835
703, 367.72665
703, 328.1102
703, 333.01474
704, 318.41077
704, 321.84222
704, 310.73035
704, 306.8382
704, 339.89713
704, 341.86984
704, 316.84808
704, 325.67056
705, 355.3029
705, 350.33243
705, 355.40735
705, 337.64108
705, 356.695
705, 355.37732
705, 364.02786
705, 343.25302
706, 355.2948
706, 345.04797
706, 331.00433
706, 302.15396
706, 334.52063
706, 336.27255
706, 337.0085
706, 344.39572
707, 350.5323
707, 383.9357
707, 374.3784
707, 419.08038
707, 400.69965
707, 402.5642
707, 386.52167
707, 417.76416
708, 248.20677
708, 216.48569
708, 292.63834
708, 250.50719
708, 250.83379
708, 218.74356
708, 266.2401
708, 249.46667
709, 331.97858
709, 294.16415
709, 328.1288
709, 281.30527
709, 302.67984
709, 251.4901
709, 305.296
709, 256.733
710, 260.6743
710, 296.2541
710, 243.32336
710, 271.9167
710, 234.30673
710, 284.31836
710, 220.91768
710, 264.8381
711, 268.40173
711, 266.25958
711, 263.40927
711, 276.1528
711, 294.4706
711, 276.48367
711, 282.18857
711, 284.17026
712, 252.2311
712, 268.1459
712, 274.99365
712, 321.9408
712, 261.54633
712, 280.8809
712, 294.89224
712, 325.54404
713, 298.9238
713, 309.75443
713, 374.9896
713, 395.11737
713, 308.63
713, 312.9115
713, 372.55896
713, 384.39142
714, 306.85846
714, 318.1036
714, 353.30432
714, 360.24762
714, 335.29135
714, 312.21613
714, 373.09525
714, 353.02682
715, 320.198
715, 307.16702
715, 344.76965
715, 323.27094
715, 304.34055
715, 299.43896
715, 325.61682
715, 325.46143
716, 399.2487
716, 429.16315
716, 393.61685
716, 420.0948
716, 354.8337
716, 391.88504
716, 354.88058
716, 409.07486
717, 317.85635
717, 320.8579
717, 323.76407
717, 357.166
717, 302.67218
717, 308.52313
717, 301.71902
717, 309.9379
718, 392.17166
718, 431.96573
718, 366.58234
718, 399.94858
718, 399.798
718, 397.60568
718, 353.9134
718, 381.82913
719, 309.0848
719, 319.5117
719, 299.3434
719, 299.1332
719, 300.6361
719, 330.9373
719, 278.23438
719, 304.2201
720, 266.67352
720, 292.82355
720, 279.05746
720, 280.71533
720, 250.39703
720, 255.50539
720, 260.94986
720, 234.63263
721, 250.07457
721, 260.71072
721, 249.59099
721, 238.71039
721, 252.84837
721, 272.00937
721, 253.98526
721, 265.6354
722, 284.06256
722, 273.60175
722, 285.64075
722, 267.36816
722, 261.34683
722, 276.39603
722, 273.31497
722, 293.2197
723, 293.66803
723, 376.96628
723, 271.57526
723, 347.7077
723, 327.9603
723, 374.2141
723, 310.5344
723, 328.33704
724, 314.50873
724, 324.30908
724, 304.44244
724, 324.6511
724, 324.67374
724, 339.7891
724, 313.7793
724, 343.85742
725, 383.05038
725, 383.57086
725, 389.15955
725, 399.92053
725, 377.9113
725, 381.10696
725, 369.52832
725, 375.68317
726, 359.39667
726, 382.70596
726, 390.20352
726, 385.26904
726, 365.4996
726, 349.52374
726, 362.24704
726, 330.48343
727, 326.3342
727, 366.7327
727, 319.16833
727, 340.45844
727, 305.35547
727, 355.38516
727, 295.51764
727, 340.20605
728, 366.3982
728, 396.39542
728, 384.10773
728, 361.3053
728, 335.45627
728, 353.20068
728, 410.37793
728, 376.52057
729, 442.52475
729, 359.9176
729, 448.50073
729, 404.0093
729, 431.30893
729, 341.6881
729, 442.17743
729, 372.86002
730, 242.32043
730, 259.55524
730, 250.54977
730, 284.4939
730, 243.38603
730, 274.6401
730, 264.33264
730, 299.46527
731, 296.81204
731, 296.51517
731, 321.38913
731, 322.01126
731, 301.04285
731, 294.44565
731, 307.48758
731, 306.87885
732, 264.62225
732, 263.34628
732, 274.89786
732, 291.53787
732, 249.35242
732, 256.90738
732, 251.40305
732, 263.5014
733, 291.975
733, 242.63716
733, 330.10382
733, 303.78418
733, 269.91415
733, 261.69232
733, 275.14517
733, 294.38245
734, 285.11868
734, 296.85904
734, 271.78796
734, 275.54483
734, 286.9208
734, 293.60095
734, 273.01627
734, 272.66833
735, 285.47202
735, 274.55582
735, 296.09427
735, 278.84897
735, 270.23874
735, 277.1877
735, 273.69446
735, 270.54288
736, 259.35175
736, 245.34602
736, 264.5158
736, 255.4827
736, 258.32248
736, 252.08548
736, 265.5661
736, 254.70891
737, 313.6331
737, 313.29892
737, 289.89157
737, 303.61133
737, 277.6911
737, 292.5549
737, 292.33807
737, 286.30466
738, 304.2432
738, 341.3392
738, 341.2161
738, 361.47726
738, 299.63983
738, 383.45837
738, 294.20898
738, 372.5755
739, 286.64438
739, 279.67062
739, 311.74625
739, 314.4526
739, 266.1457
739, 260.75418
739, 316.50342
739, 302.8774
740, 354.85272
740, 371.53326
740, 355.66455
740, 368.07773
740, 310.23575
740, 337.94922
740, 299.70602
740, 319.17737
741, 308.464
741, 306.77368
741, 308.0789
741, 297.11392
741, 336.59924
741, 333.0824
741, 309.61554
741, 306.97833
742, 295.6293
742, 304.84116
742, 270.6543
742, 286.79163
742, 320.56726
742, 315.67374
742, 308.83606
742, 309.64328
743, 307.60785
743, 297.13315
743, 318.1206
743, 328.13547
743, 327.3791
743, 328.9777
743, 339.84674
743, 357.69177
744, 322.87326
744, 343.1171
744, 318.13943
744, 306.2876
744, 312.22327
744, 314.54047
744, 333.97803
744, 333.7898
745, 276.94592
745, 298.28088
745, 241.36331
745, 257.5597
745, 315.9343
745, 326.64438
745, 282.71155
745, 282.17233
746, 344.92416
746, 293.21115
746, 305.40192
746, 265.1972
746, 354.74112
746, 294.44843
746, 318.99582
746, 246.37517
747, 246.34378
747, 254.36658
747, 299.3426
747, 332.39014
747, 265.07724
747, 260.0195
747, 317.38934
747, 319.2325
748, 301.74957
748, 319.88113
748, 371.30692
748, 392.24902
748, 288.02618
748, 287.74585
748, 341.70502
748, 341.56052
749, 240.9223
749, 209.51662
749, 244.59877
749, 226.56604
749, 241.98056
749, 192.09778
749, 254.0691
749, 215.77199
750, 396.58978
750, 292.68497
750, 397.79276
750, 302.39252
750, 405.3794
750, 318.2614
750, 395.26672
750, 315.87027
751, 244.49072
751, 226.8889
751, 246.40315
751, 255.799
751, 217.85556
751, 198.28659
751, 241.96721
751, 266.47122
752, 279.01425
752, 267.97253
752, 357.6914
752, 334.89218
752, 260.9156
752, 242.38904
752, 341.656
752, 305.96484
753, 216.08424
753, 208.14449
753, 295.4172
753, 289.7235
753, 217.65959
753, 215.9416
753, 279.20334
753, 279.3385
754, 299.78174
754, 354.3442
754, 309.10162
754, 344.1304
754, 311.6974
754, 348.5789
754, 302.72253
754, 323.24075
755, 322.61154
755, 313.3832
755, 301.96463
755, 290.49448
755, 297.99783
755, 315.54285
755, 275.3532
755, 277.8557
756, 383.79233
756, 338.6542
756, 351.33115
756, 309.80344
756, 364.0113
756, 342.03818
756, 326.21667
756, 300.0438
757, 337.37534
757, 352.21786
757, 314.772
757, 316.74048
757, 319.1577
757, 347.4476
757, 255.07838
757, 285.0656
758, 259.44904
758, 302.37418
758, 224.20454
758, 268.74905
758, 249.84451
758, 295.54813
758, 231.3197
758, 279.77542
759, 313.73032
759, 332.1206
759, 298.26816
759, 315.22244
759, 309.07202
759, 326.2263
759, 303.40137
759, 320.07968
760, 431.65866
760, 401.9411
760, 392.85342
760, 373.95285
760, 447.26514
760, 408.84995
760, 364.56232
760, 349.2027
761, 414.98837
761, 457.95026
761, 466.80676
761, 507.1762
761, 384.78613
761, 452.89505
761, 441.33392
761, 489.12085
762, 200.42531
762, 226.39622
762, 202.40942
762, 230.13237
762, 208.456
762, 240.1827
762, 209.46399
762, 211.91539
763, 268.6785
763, 263.88187
763, 255.71513
763, 254.14835
763, 254.01357
763, 262.061
763, 245.97375
763, 248.371
764, 274.3609
764, 279.3776
764, 272.60257
764, 282.52036
764, 239.67253
764, 238.00829
764, 248.96172
764, 253.64761
765, 355.85916
765, 335.19846
765, 364.7697
765, 364.2097
765, 312.8361
765, 311.83047
765, 329.80295
765, 331.27167
766, 265.6983
766, 234.67809
766, 288.41345
766, 251.67712
766, 295.75067
766, 302.9533
766, 307.26688
766, 306.3531
767, 366.05264
767, 347.52194
767, 333.87985
767, 311.75858
767, 339.60413
767, 349.80255
767, 316.03955
767, 337.21005
768, 251.04532
768, 298.89365
768, 232.75366
768, 286.85492
768, 245.46379
768, 254.46878
768, 229.90399
768, 270.55157
769, 316.83182
769, 277.2189
769, 308.73148
769, 298.56714
769, 315.89032
769, 267.72018
769, 313.42273
769, 265.67148
770, 463.68735
770, 393.3499
770, 419.74472
770, 365.34866
770, 473.98602
770, 422.41516
770, 422.45068
770, 372.75543
771, 374.83588
771, 405.7268
771, 325.61557
771, 355.16235
771, 380.29678
771, 403.5412
771, 365.435
771, 386.70624
772, 248.19472
772, 265.58676
772, 209.77164
772, 248.32416
772, 233.7412
772, 256.9936
772, 208.56343
772, 243.5039
773, 267.85107
773, 254.58177
773, 300.51254
773, 273.1634
773, 266.1509
773, 258.70016
773, 273.39627
773, 272.58978
774, 293.1775
774, 299.2625
774, 321.3212
774, 306.1312
774, 298.39313
774, 303.2096
774, 322.9409
774, 313.87277
775, 307.39536
775, 313.06598
775, 297.00928
775, 311.99796
775, 292.23727
775, 309.87457
775, 288.1205
775, 306.41663
776, 378.83865
776, 389.67908
776, 396.70493
776, 401.14713
776, 350.07452
776, 347.37784
776, 374.68475
776, 381.40317
777, 333.0092
777, 326.9805
777, 345.74994
777, 341.4493
777, 304.08102
777, 302.09326
777, 311.43738
777, 310.02948
778, 357.7552
778, 265.48517
778, 396.8053
778, 325.7954
778, 410.42728
778, 363.80716
778, 416.38007
778, 363.0926
779, 379.9023
779, 399.0029
779, 386.21927
779, 377.2689
779, 410.3466
779, 433.87454
779, 426.2304
779, 436.63654
780, 324.2099
780, 281.12476
780, 310.3823
780, 281.4418
780, 409.2613
780, 363.34418
780, 404.01947
780, 357.2072
781, 236.51137
781, 258.07306
781, 288.87338
781, 291.28244
781, 283.81168
781, 292.51437
781, 336.2158
781, 318.75995
782, 307.6545
782, 314.03104
782, 275.0071
782, 324.42053
782, 371.40228
782, 334.30228
782, 353.56546
782, 352.593
783, 339.04013
783, 312.16797
783, 351.14212
783, 332.17465
783, 325.69562
783, 265.6547
783, 328.33057
783, 283.76672
784, 317.2681
784, 308.4376
784, 315.6767
784, 273.58405
784, 255.39944
784, 247.93037
784, 249.43964
784, 207.70427
785, 415.07645
785, 406.4835
785, 369.13455
785, 377.81943
785, 394.22745
785, 391.79227
785, 312.5199
785, 365.8248
786, 320.43774
786, 356.11615
786, 284.96732
786, 292.03543
786, 279.08127
786, 323.14923
786, 263.51508
786, 276.3686
787, 379.0857
787, 405.87192
787, 343.08194
787, 384.33075
787, 353.5404
787, 381.98755
787, 350.68277
787, 375.91083
788, 341.34152
788, 308.24072
788, 340.49188
788, 323.56735
788, 368.65295
788, 334.84802
788, 356.79654
788, 339.1821
789, 340.49155
789, 342.525
789, 362.00647
789, 399.9932
789, 310.35287
789, 285.01328
789, 315.43564
789, 323.46326
790, 372.82474
790, 349.8403
790, 389.24503
790, 369.92834
790, 353.3293
790, 347.68683
790, 358.44095
790, 348.85498
791, 293.29828
791, 306.10013
791, 330.1544
791, 329.0442
791, 319.5924
791, 337.20285
791, 333.46353
791, 316.82895
792, 338.1597
792, 341.5775
792, 306.55228
792, 282.0259
792, 379.29572
792, 408.93857
792, 345.0294
792, 364.8983
793, 312.7907
793, 319.3473
793, 295.85782
793, 329.49432
793, 381.11823
793, 384.57086
793, 308.8109
793, 351.45703
794, 348.8022
794, 294.26324
794, 353.2377
794, 292.14536
794, 322.60895
794, 316.60812
794, 303.51367
794, 268.5537
795, 320.6846
795, 313.22202
795, 290.15744
795, 262.7007
795, 351.91235
795, 346.81805
795, 326.95258
795, 316.31293
796, 315.20386
796, 334.88953
796, 262.04028
796, 294.77228
796, 269.0555
796, 298.83408
796, 248.34422
796, 263.66647
797, 314.22726
797, 294.2378
797, 345.94897
797, 356.4016
797, 298.89426
797, 278.46033
797, 308.34393
797, 315.57855
798, 288.1228
798, 304.75323
798, 316.09177
798, 333.04556
798, 310.1344
798, 339.615
798, 327.7622
798, 349.8735
799, 413.29544
799, 354.04996
799, 404.48535
799, 351.89536
799, 441.23383
799, 386.10132
799, 435.06912
799, 374.04263
800, 292.3806
800, 322.96973
800, 328.1679
800, 328.2966
800, 252.11006
800, 291.85355
800, 326.2212
800, 332.57504
801, 332.53445
801, 326.62595
801, 322.69943
801, 327.50488
801, 327.19974
801, 314.76422
801, 312.5541
801, 322.59265
802, 301.50424
802, 301.36655
802, 311.6523
802, 310.0605
802, 311.17087
802, 319.1423
802, 312.6315
802, 315.44183
803, 305.37585
803, 301.81305
803, 296.7275
803, 304.39355
803, 343.3699
803, 370.58585
803, 349.37415
803, 346.60187
804, 370.92862
804, 397.90765
804, 374.09827
804, 384.6765
804, 347.35577
804, 383.5504
804, 349.92978
804, 372.4502
805, 371.27493
805, 335.08942
805, 324.999
805, 292.34692
805, 363.78268
805, 328.56845
805, 329.2386
805, 300.8114
806, 210.25243
806, 174.88136
806, 232.49129
806, 262.90778
806, 273.28998
806, 247.44212
806, 258.66824
806, 270.9044
807, 264.07742
807, 272.04562
807, 304.57166
807, 271.97498
807, 306.57718
807, 309.70178
807, 324.67883
807, 293.55624
808, 174.06758
808, 182.1115
808, 160.30667
808, 163.60265
808, 173.44522
808, 172.5583
808, 161.16695
808, 154.22737
809, 302.71826
809, 277.90134
809, 323.54898
809, 294.63254
809, 290.79123
809, 278.7563
809, 345.51758
809, 320.83853
810, 295.46637
810, 293.76337
810, 305.42853
810, 321.2988
810, 290.057
810, 307.8062
810, 288.4629
810, 296.1969
811, 309.25195
811, 302.23636
811, 314.2225
811, 261.34256
811, 336.29285
811, 317.87936
811, 317.72345
811, 281.2159
812, 295.05917
812, 323.0679
812, 252.9055
812, 284.4718
812, 264.6667
812, 304.5747
812, 229.76712
812, 261.31613
813, 355.6023
813, 333.95065
813, 312.82916
813, 297.46872
813, 342.45023
813, 312.84128
813, 274.90964
813, 254.87857
814, 336.60693
814, 337.3205
814, 329.1072
814, 327.49286
814, 339.93024
814, 322.61783
814, 281.11566
814, 297.99335
815, 354.90842
815, 383.1082
815, 348.43393
815, 369.73013
815, 319.78683
815, 364.29422
815, 301.413
815, 328.97925
816, 431.9616
816, 417.7688
816, 408.3004
816, 388.85693
816, 408.84985
816, 416.22318
816, 385.37866
816, 392.2587
817, 223.75482
817, 253.08376
817, 169.48169
817, 176.45381
817, 250.40591
817, 283.06296
817, 188.03976
817, 220.59523
818, 300.33228
818, 283.29764
818, 214.59383
818, 180.21933
818, 306.23962
818, 283.4627
818, 226.62163
818, 200.57806
819, 246.75998
819, 232.47664
819, 162.71747
819, 169.09608
819, 241.35303
819, 204.67575
819, 177.00522
819, 175.58372
820, 330.59714
820, 330.85757
820, 303.54227
820, 287.34573
820, 325.8766
820, 345.2013
820, 281.7493
820, 282.66364
821, 313.92328
821, 336.14914
821, 299.53192
821, 302.0602
821, 330.03894
821, 364.4337
821, 292.68878
821, 301.77374
822, 341.3272
822, 306.9096
822, 337.63174
822, 341.92465
822, 377.45483
822, 346.64508
822, 359.6627
822, 353.48532
823, 382.59464
823, 369.8096
823, 340.40463
823, 339.52078
823, 406.63504
823, 398.925
823, 367.98993
823, 400.64954
824, 317.93692
824, 333.39688
824, 338.8369
824, 351.04056
824, 335.25
824, 326.91937
824, 370.80865
824, 365.7405
825, 333.12448
825, 318.01904
825, 317.59512
825, 315.82977
825, 315.10858
825, 287.61914
825, 318.17764
825, 285.0351
826, 325.71774
826, 342.1027
826, 313.29587
826, 336.84967
826, 332.56586
826, 352.51907
826, 323.6754
826, 351.63382
827, 378.44107
827, 390.1548
827, 381.91275
827, 422.7945
827, 371.51385
827, 384.02618
827, 381.13852
827, 419.23996
828, 304.12256
828, 311.96094
828, 299.71964
828, 308.03586
828, 264.3853
828, 258.6285
828, 249.90556
828, 269.81873
829, 360.85413
829, 313.9063
829, 355.68915
829, 314.80258
829, 273.35446
829, 263.92105
829, 288.18362
829, 237.2974
830, 270.10776
830, 238.33052
830, 270.08005
830, 238.42291
830, 224.0447
830, 216.3418
830, 240.41905
830, 238.47577
831, 257.3935
831, 300.17566
831, 231.88768
831, 281.04706
831, 270.77664
831, 307.19785
831, 250.75505
831, 291.8719
832, 329.6328
832, 311.76422
832, 314.2061
832, 288.29852
832, 326.73627
832, 318.62073
832, 320.56296
832, 298.85065
833, 285.15048
833, 299.19907
833, 278.2981
833, 296.93478
833, 285.4217
833, 269.167
833, 281.02768
833, 277.18317
834, 312.23315
834, 326.7692
834, 299.89835
834, 299.45325
834, 288.97824
834, 307.3966
834, 300.95523
834, 283.00864
835, 287.9237
835, 303.432
835, 256.88306
835, 271.9701
835, 299.0273
835, 298.3825
835, 261.36053
835, 269.83313
836, 310.00522
836, 300.85745
836, 286.17285
836, 278.50995
836, 292.95383
836, 299.21353
836, 283.48468
836, 287.31204
837, 359.3591
837, 358.7618
837, 319.91357
837, 358.86905
837, 334.46426
837, 368.3135
837, 343.41632
837, 382.0195
838, 389.31387
838, 358.42734
838, 413.58218
838, 404.55276
838, 340.9717
838, 347.30814
838, 351.99713
838, 327.65527
839, 441.7459
839, 368.18817
839, 433.21405
839, 355.62994
839, 404.57645
839, 359.41882
839, 407.92383
839, 353.80695
840, 306.79742
840, 321.84348
840, 254.89006
840, 293.59323
840, 305.82147
840, 302.20004
840, 258.21506
840, 270.52893
841, 299.22372
841, 313.26285
841, 295.30444
841, 288.33243
841, 302.76642
841, 316.5444
841, 298.78857
841, 293.56467
842, 210.58084
842, 251.81943
842, 219.66864
842, 245.69446
842, 190.07854
842, 219.39494
842, 195.8847
842, 226.87138
843, 269.68375
843, 280.94086
843, 290.1849
843, 302.70673
843, 267.10178
843, 280.28882
843, 274.69284
843, 292.69644
844, 296.82004
844, 295.31912
844, 294.52136
844, 275.50223
844, 297.82983
844, 276.62387
844, 301.9205
844, 267.20462
845, 299.09415
845, 282.15698
845, 261.72662
845, 258.53757
845, 272.62216
845, 259.40762
845, 233.1514
845, 272.72006
846, 297.07562
846, 289.14435
846, 269.16556
846, 258.34668
846, 259.0694
846, 260.51178
846, 252.15706
846, 234.97461
847, 306.3583
847, 304.8405
847, 264.79346
847, 283.81488
847, 293.30914
847, 298.11838
847, 254.73433
847, 271.88446
848, 307.69943
848, 242.63199
848, 260.06152
848, 269.25137
848, 290.7802
848, 188.39796
848, 279.0525
848, 241.69748
849, 323.23788
849, 338.0008
849, 358.3855
849, 366.25604
849, 294.5827
849, 330.63498
849, 336.00854
849, 333.07367
850, 337.6689
850, 315.15643
850, 321.61212
850, 293.69522
850, 263.1297
850, 283.48703
850, 253.14061
850, 268.64304
851, 245.0389
851, 235.10284
851, 268.21017
851, 261.165
851, 250.9732
851, 177.21413
851, 252.74075
851, 188.71852
852, 253.61897
852, 281.34158
852, 246.40508
852, 254.85442
852, 216.57153
852, 265.15808
852, 190.70569
852, 248.90521
853, 307.3204
853, 326.53885
853, 261.347
853, 282.85117
853, 294.16577
853, 316.2024
853, 243.05139
853, 278.45395
854, 259.6176
854, 255.73586
854, 260.12534
854, 236.20502
854, 271.10803
854, 262.65845
854, 224.0568
854, 223.23073
855, 365.11905
855, 300.83286
855, 335.28903
855, 285.78912
855, 333.23105
855, 258.97327
855, 312.35114
855, 255.02078
856, 305.62708
856, 310.62497
856, 286.0092
856, 291.4914
856, 314.43796
856, 314.06433
856, 287.48236
856, 273.31757
857, 276.73923
857, 280.2676
857, 287.57623
857, 272.6074
857, 277.92856
857, 302.9359
857, 277.70776
857, 293.6321
858, 301.43085
858, 287.01837
858, 309.48212
858, 304.31024
858, 261.55807
858, 243.0186
858, 301.11374
858, 286.78436
859, 258.01923
859, 312.42023
859, 250.32878
859, 299.3731
859, 267.96335
859, 297.054
859, 275.84973
859, 277.8514
860, 381.42175
860, 369.6328
860, 398.82404
860, 386.1762
860, 361.39072
860, 374.11765
860, 338.22372
860, 322.4872
861, 305.3304
861, 342.76907
861, 294.27527
861, 335.47308
861, 271.09467
861, 270.5679
861, 262.30453
861, 292.64478
862, 109.593285
862, 136.15875
862, 106.855286
862, 134.47643
862, 115.69299
862, 123.3701
862, 134.91539
862, 135.16539
863, 294.51065
863, 282.16592
863, 311.47525
863, 287.24573
863, 322.62698
863, 330.48083
863, 322.53638
863, 326.59607
864, 243.9392
864, 248.35042
864, 231.74869
864, 229.35432
864, 271.08997
864, 262.81497
864, 289.2359
864, 266.77856
865, 262.09726
865, 236.00795
865, 235.94876
865, 234.45819
865, 268.94125
865, 242.18207
865, 263.80014
865, 250.49109
866, 413.03372
866, 380.0134
866, 372.46695
866, 353.29218
866, 407.83887
866, 368.4034
866, 351.37833
866, 310.5072
867, 317.59622
867, 257.677
867, 304.63434
867, 233.71442
867, 312.49142
867, 268.30807
867, 288.84314
867, 257.72855
868, 217.22054
868, 224.66753
868, 254.31647
868, 246.90259
868, 240.77606
868, 257.38693
868, 247.25879
868, 237.35223
869, 215.07079
869, 226.59297
869, 235.0003
869, 247.29199
869, 221.79338
869, 250.09406
869, 247.45517
869, 293.67303
870, 240.98988
870, 199.74176
870, 223.77129
870, 196.2968
870, 207.92747
870, 170.46092
870, 205.4987
870, 176.29742
871, 442.7614
871, 327.4229
871, 412.65112
871, 371.11697
871, 441.1456
871, 347.7621
871, 411.5797
871, 383.03726
872, 139.41795
872, 153.14543
872, 200.45581
872, 223.59563
872, 198.15628
872, 198.87584
872, 246.14249
872, 238.34517
873, 258.70114
873, 277.93045
873, 331.27744
873, 315.90683
873, 302.4601
873, 341.5303
873, 328.5908
873, 348.36627
874, 276.9847
874, 249.66531
874, 287.65805
874, 283.43713
874, 334.98727
874, 301.69482
874, 335.61218
874, 316.46918
875, 324.6703
875, 373.47018
875, 298.5428
875, 337.2824
875, 355.08932
875, 360.65146
875, 328.9606
875, 358.0576
876, 249.23746
876, 278.2406
876, 230.976
876, 285.915
876, 241.4082
876, 305.78247
876, 236.67395
876, 312.40924
877, 315.0727
877, 286.665
877, 320.80753
877, 327.65536
877, 330.27585
877, 342.9892
877, 341.40527
877, 355.5894
878, 313.02106
878, 351.64767
878, 315.83963
878, 322.51236
878, 371.5857
878, 394.98032
878, 375.32806
878, 387.702
879, 238.35785
879, 282.78622
879, 222.95459
879, 257.29352
879, 248.1103
879, 276.45114
879, 229.14166
879, 255.60527
880, 273.8176
880, 287.06766
880, 259.90875
880, 284.37396
880, 248.43001
880, 253.99919
880, 247.97878
880, 249.7622
881, 361.98416
881, 362.53592
881, 265.23392
881, 313.22336
881, 362.4124
881, 411.35785
881, 331.7785
881, 352.16458
882, 173.33931
882, 172.90495
882, 111.9844
882, 171.99144
882, 175.70947
882, 200.24036
882, 173.33023
882, 190.72171
883, 182.70074
883, 188.0379
883, 196.4979
883, 201.53609
883, 194.52689
883, 196.69609
883, 210.94331
883, 212.73082
884, 261.16293
884, 258.07388
884, 261.69733
884, 271.04837
884, 227.09416
884, 196.20952
884, 242.18884
884, 227.75049
885, 502.87503
885, 496.63583
885, 486.91867
885, 468.35873
885, 488.28122
885, 481.80167
885, 470.66748
885, 486.9813
886, 321.8315
886, 324.8628
886, 331.09717
886, 309.68533
886, 319.60156
886, 319.1936
886, 353.95712
886, 323.44675
887, 305.20468
887, 303.94293
887, 305.95325
887, 301.06033
887, 300.6791
887, 289.78122
887, 306.6264
887, 295.39294
888, 285.46603
888, 264.3778
888, 317.12433
888, 313.93915
888, 251.30296
888, 262.0309
888, 322.64005
888, 350.8625
889, 372.21054
889, 337.25186
889, 424.2712
889, 399.10574
889, 382.84512
889, 359.90134
889, 423.0516
889, 396.65482
890, 393.38156
890, 356.07086
890, 383.99887
890, 330.24783
890, 393.40356
890, 341.39084
890, 367.87735
890, 294.94955
891, 312.28128
891, 339.5494
891, 287.78348
891, 299.1025
891, 349.74573
891, 336.0907
891, 300.11655
891, 315.6408
892, 380.26566
892, 432.44043
892, 409.06558
892, 482.7286
892, 410.5885
892, 383.67197
892, 424.73547
892, 441.49762
893, 263.14908
893, 295.01248
893, 276.16833
893, 324.98087
893, 208.23293
893, 250.17458
893, 238.17589
893, 281.51297
894, 218.78435
894, 196.82419
894, 196.75404
894, 186.6388
894, 184.56064
894, 169.86115
894, 156.92676
894, 147.4861
895, 278.093
895, 304.29062
895, 268.71744
895, 295.69836
895, 234.49394
895, 247.74777
895, 220.56436
895, 242.76138
896, 385.80026
896, 390.85275
896, 388.9695
896, 407.28043
896, 338.00635
896, 343.3649
896, 348.4705
896, 363.12622
897, 321.58374
897, 291.25842
897, 338.84097
897, 320.7187
897, 346.25803
897, 331.6438
897, 344.1031
897, 355.79074
898, 338.29968
898, 343.19046
898, 334.1138
898, 330.42896
898, 346.3915
898, 343.57736
898, 365.29773
898, 372.7381
899, 340.85614
899, 288.5538
899, 373.68484
899, 311.6754
899, 325.26633
899, 280.17447
899, 355.13174
899, 321.02863
900, 237.05772
900, 206.902
900, 285.87955
900, 294.30917
900, 237.0292
900, 221.51024
900, 281.30344
900, 284.0117
901, 166.76689
901, 208.0833
901, 228.9169
901, 191.26689
901, 196.0131
901, 202.64265
901, 256.94357
901, 220.39359
902, 341.8988
902, 313.87073
902, 446.54996
902, 391.4098
902, 351.9886
902, 349.85782
902, 420.01648
902, 424.89526
903, 302.732
903, 251.70944
903, 341.96683
903, 314.68848
903, 221.40248
903, 211.85419
903, 277.7098
903, 284.11987
904, 332.29504
904, 292.87772
904, 372.66293
904, 311.99518
904, 287.85724
904, 301.15363
904, 316.12262
904, 312.1212
905, 256.98645
905, 253.0655
905, 302.33282
905, 279.28006
905, 305.77695
905, 285.39413
905, 304.68185
905, 287.29507
906, 345.27115
906, 395.63684
906, 242.45271
906, 321.39417
906, 313.4876
906, 412.12808
906, 280.36554
906, 340.77408
907, 262.33145
907, 309.22836
907, 246.05798
907, 270.13214
907, 234.701
907, 286.3765
907, 239.32077
907, 264.87436
908, 327.6676
908, 328.63873
908, 337.32697
908, 338.23743
908, 354.64285
908, 352.2808
908, 341.57855
908, 336.7201
909, 382.22388
909, 368.46323
909, 373.0205
909, 362.32788
909, 376.45972
909, 387.031
909, 377.97864
909, 383.0529
910, 384.42947
910, 334.44446
910, 362.26385
910, 338.61014
910, 414.78513
910, 365.2895
910, 375.6571
910, 351.55508
911, 283.5181
911, 270.8255
911, 226.13872
911, 196.38358
911, 292.4913
911, 300.20688
911, 248.08392
911, 233.916
912, 230.83643
912, 213.35405
912, 193.34082
912, 208.838
912, 245.98651
912, 202.0845
912, 214.01721
912, 209.83347
913, 235.40565
913, 314.37228
913, 236.90701
913, 303.10608
913, 211.61162
913, 213.8276
913, 228.89561
913, 247.31972
914, 350.21375
914, 369.09094
914, 305.23544
914, 321.55823
914, 354.90195
914, 354.59366
914, 322.71082
914, 331.85114
915, 306.01126
915, 281.27878
915, 252.35674
915, 219.72426
915, 318.47504
915, 322.8721
915, 262.0197
915, 274.3303
916, 295.45145
916, 294.16467
916, 230.2927
916, 240.22876
916, 303.26862
916, 301.54544
916, 253.97148
916, 255.85263
917, 308.6688
917, 306.98645
917, 309.8598
917, 300.97363
917, 298.54706
917, 275.82388
917, 300.69037
917, 267.62387
918, 298.65668
918, 297.53415
918, 319.8177
918, 316.5427
918, 290.1469
918, 291.64627
918, 307.8055
918, 307.03668
919, 327.9145
919, 344.60706
919, 303.36572
919, 341.93347
919, 315.62915
919, 337.29984
919, 307.333
919, 351.20276
920, 351.0219
920, 309.331
920, 359.76614
920, 321.92355
920, 364.6954
920, 355.66873
920, 342.71722
920, 356.3388
921, 330.06842
921, 350.20178
921, 351.20264
921, 390.2154
921, 299.74863
921, 314.0618
921, 340.75034
921, 371.08282
922, 333.49304
922, 314.17557
922, 353.67245
922, 294.16757
922, 322.15073
922, 333.68564
922, 354.41275
922, 321.29504
923, 266.71658
923, 298.69867
923, 288.4775
923, 318.15854
923, 271.80737
923, 285.9399
923, 293.28586
923, 293.6732
924, 295.61682
924, 328.5937
924, 328.19882
924, 329.60287
924, 247.18109
924, 290.80978
924, 274.37976
924, 298.84686
925, 277.32346
925, 374.94543
925, 320.77676
925, 398.2222
925, 246.22496
925, 358.27835
925, 275.52505
925, 368.78864
926, 254.62025
926, 279.5777
926, 305.5179
926, 308.71582
926, 285.45523
926, 298.79947
926, 333.8604
926, 320.41135
927, 262.9924
927, 261.89777
927, 276.47714
927, 270.06012
927, 248.16039
927, 257.81552
927, 267.2787
927, 264.51068
928, 314.52637
928, 323.20416
928, 297.552
928, 322.66638
928, 283.64966
928, 305.729
928, 288.90887
928, 319.87576
929, 315.17825
929, 310.88327
929, 333.16733
929, 311.20563
929, 315.97977
929, 296.24176
929, 372.61935
929, 351.27582
930, 477.25665
930, 377.68768
930, 481.0588
930, 350.53857
930, 462.38467
930, 363.61813
930, 431.4593
930, 336.07135
931, 274.10446
931, 340.96997
931, 252.42966
931, 331.25504
931, 242.0005
931, 314.94247
931, 190.92952
931, 269.4387
932, 303.63904
932, 299.61606
932, 332.41962
932, 328.07175
932, 294.5862
932, 307.9687
932, 312.51474
932, 311.88007
933, 313.29572
933, 267.06668
933, 318.70218
933, 290.44867
933, 311.4598
933, 247.56056
933, 315.379
933, 261.61578
934, 359.79196
934, 375.40985
934, 335.60568
934, 338.70377
934, 344.4289
934, 357.9407
934, 343.5385
934, 359.42355
935, 394.18903
935, 302.82513
935, 371.54727
935, 298.0354
935, 351.58862
935, 285.10843
935, 319.0873
935, 276.02045
936, 359.46143
936, 370.39877
936, 324.3792
936, 340.5785
936, 401.18234
936, 401.11572
936, 364.95328
936, 372.89703
937, 340.91727
937, 321.16995
937, 290.7924
937, 264.11438
937, 350.8841
937, 334.7089
937, 305.69452
937, 282.23035
938, 306.66412
938, 295.7422
938, 236.77805
938, 258.6311
938, 293.28598
938, 286.90048
938, 274.74384
938, 266.4829
939, 304.35782
939, 324.29037
939, 283.58026
939, 277.5039
939, 263.43576
939, 290.47418
939, 247.38936
939, 262.7441
940, 336.64566
940, 290.75143
940, 281.90125
940, 230.49553
940, 314.0308
940, 308.94843
940, 276.15784
940, 274.24985
941, 339.9514
941, 328.78943
941, 306.53134
941, 302.4242
941, 361.4424
941, 350.8823
941, 334.59464
941, 321.7729
942, 291.52637
942, 323.6449
942, 241.24516
942, 266.52448
942, 263.1404
942, 304.26584
942, 217.86702
942, 269.14108
943, 191.92154
943, 186.13602
943, 185.05325
943, 165.66742
943, 211.79265
943, 185.5022
943, 187.5787
943, 165.67717
944, 205.5923
944, 205.02492
944, 196.70724
944, 217.16394
944, 195.59546
944, 214.38956
944, 195.25777
944, 199.6715
945, 218.90334
945, 213.64528
945, 239.12675
945, 231.09238
945, 228.80115
945, 226.40022
945, 213.96373
945, 218.5679
946, 384.22556
946, 360.9254
946, 403.01212
946, 365.4414
946, 423.13794
946, 423.49344
946, 432.161
946, 424.96317
947, 374.1097
947, 371.03192
947, 329.04242
947, 337.0491
947, 394.2808
947, 368.38794
947, 345.71338
947, 318.21533
948, 296.52542
948, 280.21005
948, 287.3052
948, 300.1137
948, 278.1821
948, 265.01712
948, 259.72873
948, 259.00247
949, 300.138
949, 288.77057
949, 344.5208
949, 285.28683
949, 299.04904
949, 304.9009
949, 322.2606
949, 292.894
950, 288.22333
950, 293.40662
950, 268.27246
950, 257.90353
950, 290.13522
950, 304.9201
950, 282.30148
950, 275.41428
951, 284.11505
951, 250.28839
951, 259.3761
951, 242.78244
951, 312.22824
951, 262.81042
951, 271.15244
951, 249.8769
952, 267.50308
952, 301.62943
952, 250.13736
952, 290.7292
952, 276.0708
952, 301.5584
952, 259.12335
952, 300.16867
953, 298.32373
953, 287.25024
953, 298.97653
953, 265.16843
953, 298.95132
953, 300.98486
953, 294.8562
953, 269.3343
954, 269.6866
954, 272.6134
954, 255.60298
954, 251.75443
954, 290.01328
954, 311.57944
954, 295.1216
954, 305.8844
955, 298.96268
955, 319.14157
955, 275.86453
955, 282.57645
955, 335.5821
955, 348.4811
955, 270.42813
955, 278.845
956, 362.03198
956, 372.95477
956, 290.99713
956, 340.2766
956, 367.26883
956, 380.35074
956, 319.58273
956, 339.5986
957, 327.6603
957, 353.22958
957, 292.59833
957, 299.98715
957, 332.82202
957, 369.63736
957, 290.81955
957, 303.45007
958, 276.38644
958, 271.27512
958, 345.1211
958, 294.65915
958, 286.34134
958, 286.89542
958, 325.46265
958, 284.53705
959, 325.21155
959, 330.21408
959, 288.77667
959, 313.45227
959, 335.34946
959, 355.63785
959, 298.03647
959, 362.43466
960, 230.91945
960, 211.89331
960, 274.82187
960, 260.98724
960, 204.28098
960, 167.81258
960, 263.9694
960, 218.08832
961, 237.39151
961, 232.68079
961, 235.01244
961, 218.63757
961, 274.9193
961, 272.84085
961, 242.21715
961, 225.93053
962, 191.72408
962, 245.14108
962, 236.39362
962, 248.29517
962, 233.10318
962, 292.56635
962, 272.93036
962, 306.82645
963, 266.84967
963, 282.04977
963, 266.1054
963, 303.51495
963, 289.7413
963, 281.45093
963, 292.31802
963, 298.01352
964, 330.12073
964, 283.55533
964, 309.7083
964, 303.4383
964, 285.4625
964, 224.64136
964, 261.6462
964, 269.31506
965, 294.8319
965, 248.10503
965, 323.958
965, 255.70415
965, 282.0928
965, 244.91452
965, 285.97913
965, 242.98465
966, 267.37222
966, 264.10333
966, 272.63235
966, 281.9076
966, 270.13614
966, 262.7258
966, 256.31314
966, 284.19705
967, 322.85272
967, 354.7577
967, 328.75623
967, 334.219
967, 364.45053
967, 359.12756
967, 372.14865
967, 352.76312
968, 309.5322
968, 290.94308
968, 307.22598
968, 293.23187
968, 327.39755
968, 299.9796
968, 338.04855
968, 301.1355
969, 254.56744
969, 268.5041
969, 289.63663
969, 322.2502
969, 310.51608
969, 314.41898
969, 326.14664
969, 348.15164
970, 280.63638
970, 232.51729
970, 302.2221
970, 265.0344
970, 319.96332
970, 264.04364
970, 366.44144
970, 274.12006
971, 272.12628
971, 265.21164
971, 221.14363
971, 221.64253
971, 301.3198
971, 289.28894
971, 306.35144
971, 284.69498
972, 238.33632
972, 171.77328
972, 201.47293
972, 164.78752
972, 240.33801
972, 184.1861
972, 234.24844
972, 201.91412
973, 231.20879
973, 289.29407
973, 207.77885
973, 277.7739
973, 231.47008
973, 265.8043
973, 229.8571
973, 288.14636
974, 301.20035
974, 325.25946
974, 273.3342
974, 263.8236
974, 287.96597
974, 283.04453
974, 280.90756
974, 266.25284
975, 313.60297
975, 333.7596
975, 275.02222
975, 302.84338
975, 278.9556
975, 269.8288
975, 236.80907
975, 254.49185
976, 361.49414
976, 369.49127
976, 367.71597
976, 340.4052
976, 337.89047
976, 356.96268
976, 326.27628
976, 327.88794
977, 224.52492
977, 202.28716
977, 267.75238
977, 217.42628
977, 296.31662
977, 211.85883
977, 255.23529
977, 174.50954
978, 394.65088
978, 373.9283
978, 400.41907
978, 378.87302
978, 402.25372
978, 390.63107
978, 411.5455
978, 400.94946
979, 259.25693
979, 242.01418
979, 295.94696
979, 263.22525
979, 330.37985
979, 256.67773
979, 372.62555
979, 315.40002
980, 291.43182
980, 286.44852
980, 288.869
980, 307.91586
980, 356.61197
980, 352.77768
980, 374.1366
980, 378.91498
981, 231.79616
981, 313.61835
981, 226.26688
981, 294.22076
981, 268.3921
981, 313.4136
981, 308.431
981, 340.1594
982, 267.64816
982, 257.25253
982, 265.27005
982, 260.8886
982, 293.67258
982, 275.57065
982, 237.15167
982, 242.47034
983, 270.11118
983, 290.5338
983, 249.69536
983, 276.17828
983, 231.29582
983, 271.74933
983, 219.63437
983, 248.93503
984, 222.08249
984, 205.44199
984, 217.51683
984, 205.77635
984, 191.81036
984, 195.64653
984, 186.98872
984, 192.8205
985, 249.2786
985, 252.91617
985, 258.42944
985, 294.36655
985, 255.83257
985, 262.00287
985, 276.41492
985, 307.72177
986, 199.93483
986, 247.23366
986, 230.4822
986, 271.60886
986, 212.37067
986, 241.69113
986, 231.99864
986, 216.24062
987, 283.28745
987, 218.47673
987, 231.879
987, 179.54294
987, 224.00133
987, 198.52377
987, 228.86853
987, 198.33208
988, 320.5786
988, 251.03015
988, 336.95377
988, 260.5608
988, 291.23798
988, 246.90392
988, 318.11792
988, 280.54047
989, 255.87091
989, 283.53162
989, 243.42061
989, 246.72063
989, 294.6253
989, 325.31772
989, 276.3844
989, 277.43582
990, 218.22305
990, 246.8521
990, 267.20132
990, 295.0216
990, 249.90504
990, 290.1855
990, 304.77338
990, 340.99362
991, 369.0309
991, 357.31793
991, 294.43994
991, 321.4042
991, 302.02325
991, 309.99265
991, 295.0447
991, 324.5212
992, 355.29504
992, 318.9525
992, 341.0633
992, 336.8276
992, 365.31207
992, 322.40582
992, 345.25583
992, 377.95947
993, 150.47836
993, 95.727
993, 148.04922
993, 110.81819
993, 200.58075
993, 136.38307
993, 206.03299
993, 179.91536
994, 241.05841
994, 290.626
994, 246.72147
994, 269.12262
994, 258.84982
994, 240.49635
994, 291.438
994, 279.41293
995, 335.8122
995, 228.80392
995, 336.37378
995, 210.9366
995, 295.63156
995, 252.77753
995, 315.71823
995, 217.00935
996, 369.15994
996, 383.69833
996, 340.74167
996, 338.77942
996, 341.89737
996, 371.18988
996, 296.7256
996, 327.84772
997, 242.48729
997, 283.68756
997, 217.42715
997, 236.45139
997, 198.56697
997, 259.6426
997, 179.83667
997, 217.16985
998, 308.45413
998, 328.49146
998, 243.94739
998, 274.9312
998, 321.2782
998, 332.75098
998, 262.93668
998, 265.7908
999, 234.8698
999, 230.94481
999, 247.17552
999, 247.8624
999, 230.13063
999, 223.85924
999, 237.75755
999, 242.5942
1000, 199.8373
1000, 202.68318
1000, 200.85533
1000, 204.07019
1000, 172.15483
1000, 152.27505
1000, 184.76027
1000, 157.74756
1001, 365.7322
1001, 360.39856
1001, 350.93286
1001, 350.21933
1001, 331.53366
1001, 322.70444
1001, 320.42215
1001, 300.4393
1002, 297.7654
1002, 357.1418
1002, 333.84543
1002, 342.12384
1002, 307.96558
1002, 347.59985
1002, 325.4922
1002, 342.9415
1003, 218.19316
1003, 225.13504
1003, 211.11453
1003, 215.32625
1003, 214.90593
1003, 212.53757
1003, 206.36829
1003, 205.27016
1004, 270.58487
1004, 266.77518
1004, 266.4513
1004, 261.7355
1004, 262.61862
1004, 251.10991
1004, 257.24597
1004, 239.52066
1005, 346.06973
1005, 311.72592
1005, 392.05698
1005, 374.34958
1005, 321.85007
1005, 302.4851
1005, 355.48953
1005, 361.37097
1006, 305.70047
1006, 303.11716
1006, 325.3947
1006, 309.54337
1006, 269.70166
1006, 255.65157
1006, 300.13263
1006, 281.9359
1007, 334.50262
1007, 344.1804
1007, 363.18744
1007, 348.59293
1007, 310.97418
1007, 337.23355
1007, 352.38425
1007, 368.35953
1008, 333.14523
1008, 324.2218
1008, 331.9968
1008, 315.71985
1008, 328.89557
1008, 331.53555
1008, 338.89893
1008, 332.69974
1009, 266.3913
1009, 232.0992
1009, 310.73215
1009, 332.27496
1009, 300.37628
1009, 277.39572
1009, 344.66037
1009, 346.20572
1010, 191.38223
1010, 192.52737
1010, 189.82526
1010, 177.49069
1010, 202.32166
1010, 198.0121
1010, 198.76501
1010, 193.9597
1011, 181.81638
1011, 176.72939
1011, 179.92314
1011, 185.08485
1011, 192.45132
1011, 203.58308
1011, 189.55252
1011, 209.05594
1012, 340.03085
1012, 345.18652
1012, 376.1104
1012, 341.73624
1012, 304.38373
1012, 300.7326
1012, 358.6309
1012, 327.51718
1013, 164.66914
1013, 175.36754
1013, 164.79973
1013, 170.44057
1013, 166.1648
1013, 155.16193
1013, 175.82077
1013, 158.69688
1014, 304.78952
1014, 310.3114
1014, 298.35608
1014, 311.9371
1014, 286.4331
1014, 270.90567
1014, 265.05542
1014, 260.46927
1015, 373.26547
1015, 385.78577
1015, 354.37555
1015, 343.4256
1015, 298.97192
1015, 333.0118
1015, 272.61798
1015, 318.41425
1016, 410.6842
1016, 399.1123
1016, 365.48154
1016, 377.37567
1016, 387.71753
1016, 414.3206
1016, 322.95767
1016, 376.0608
1017, 375.0966
1017, 330.0194
1017, 382.3294
1017, 324.88388
1017, 380.74908
1017, 402.1888
1017, 358.6585
1017, 328.46094
1018, 262.4019
1018, 287.91748
1018, 239.84966
1018, 265.26755
1018, 288.1299
1018, 286.70676
1018, 225.61255
1018, 235.36635
1019, 307.62677
1019, 306.02856
1019, 286.94455
1019, 304.846
1019, 295.72464
1019, 297.82935
1019, 280.44647
1019, 303.78305
1020, 310.97855
1020, 260.2863
1020, 291.38605
1020, 250.9792
1020, 267.08206
1020, 251.52974
1020, 244.87785
1020, 235.81708
1021, 259.9912
1021, 266.80533
1021, 256.113
1021, 250.96307
1021, 262.5915
1021, 261.16476
1021, 253.60742
1021, 238.58841
1022, 240.32225
1022, 227.9599
1022, 234.84702
1022, 225.4903
1022, 237.94981
1022, 231.71637
1022, 228.32068
1022, 229.73976
1023, 204.56235
1023, 203.51271
1023, 206.6187
1023, 171.24152
1023, 211.38226
1023, 206.90015
1023, 210.63193
1023, 198.51035
1024, 239.63356
1024, 189.51581
1024, 240.92215
1024, 225.54446
1024, 230.07346
1024, 205.807
1024, 280.7799
1024, 264.55756
1025, 219.5232
1025, 249.72102
1025, 230.43935
1025, 271.3042
1025, 229.93448
1025, 280.2722
1025, 268.25555
1025, 292.0943
1026, 277.20386
1026, 277.88913
1026, 285.15277
1026, 329.60233
1026, 322.146
1026, 346.28943
1026, 332.4513
1026, 354.79596
1027, 362.372
1027, 352.179
1027, 325.25748
1027, 386.179
1027, 393.75757
1027, 384.6538
1027, 379.66843
1027, 406.02524
1028, 303.65344
1028, 316.60846
1028, 269.53998
1028, 265.06778
1028, 305.5094
1028, 309.3695
1028, 287.6595
1028, 274.92825
1029, 280.41174
1029, 285.8495
1029, 282.14038
1029, 285.4892
1029, 255.77145
1029, 259.17203
1029, 287.9542
1029, 293.67438
1030, 295.15396
1030, 310.5574
1030, 306.51
1030, 313.1515
1030, 291.24432
1030, 319.85492
1030, 308.27142
1030, 329.68793
1031, 293.76096
1031, 289.81198
1031, 262.7004
1031, 245.151
1031, 316.70547
1031, 303.24573
1031, 316.8156
1031, 307.44
1032, 303.38382
1032, 274.32745
1032, 269.6896
1032, 284.49112
1032, 267.32733
1032, 241.91528
1032, 269.00983
1032, 263.85455
1033, 265.25705
1033, 268.45868
1033, 288.4532
1033, 270.55197
1033, 242.80144
1033, 224.51958
1033, 256.148
1033, 225.3085
1034, 242.5023
1034, 227.5679
1034, 226.04045
1034, 232.08376
1034, 210.349
1034, 238.54659
1034, 201.64832
1034, 252.98529
1035, 181.44194
1035, 199.03818
1035, 149.58624
1035, 161.38927
1035, 208.71779
1035, 205.30898
1035, 189.42316
1035, 177.32576
1036, 307.13004
1036, 300.07642
1036, 274.16055
1036, 284.47562
1036, 326.29962
1036, 312.47278
1036, 292.1237
1036, 299.50754
1037, 292.36566
1037, 288.34412
1037, 282.26428
1037, 276.61478
1037, 316.35272
1037, 319.88693
1037, 299.74817
1037, 302.02768
1038, 339.58517
1038, 358.75674
1038, 310.91638
1038, 318.28152
1038, 316.37698
1038, 328.65308
1038, 317.69394
1038, 330.14352
1039, 303.71555
1039, 280.42795
1039, 337.95615
1039, 303.91736
1039, 330.57254
1039, 306.22705
1039, 337.50507
1039, 293.5
1040, 302.5622
1040, 315.7634
1040, 304.12198
1040, 294.6237
1040, 311.33813
1040, 302.50677
1040, 306.85455
1040, 274.4054
1041, 293.26062
1041, 280.2064
1041, 243.88411
1041, 265.1485
1041, 269.33765
1041, 306.01105
1041, 242.24033
1041, 242.67567
1042, 266.3482
1042, 242.13493
1042, 341.90637
1042, 356.32175
1042, 272.6358
1042, 243.95734
1042, 384.7181
1042, 361.61008
1043, 280.54077
1043, 245.29
1043, 341.06622
1043, 286.7268
1043, 301.09583
1043, 293.3455
1043, 340.0583
1043, 317.13086
1044, 207.60107
1044, 266.3581
1044, 217.1749
1044, 283.397
1044, 285.15463
1044, 349.9281
1044, 284.75107
1044, 362.20703
1045, 149.34364
1045, 166.10121
1045, 180.46553
1045, 214.3317
1045, 229.52605
1045, 225.92767
1045, 217.86108
1045, 235.77675
1046, 295.46524
1046, 313.60617
1046, 288.76892
1046, 290.4928
1046, 302.59775
1046, 320.30054
1046, 298.40927
1046, 299.55774
1047, 300.81357
1047, 310.62665
1047, 284.89905
1047, 298.99622
1047, 311.8738
1047, 317.88632
1047, 303.98285
1047, 309.9653
1048, 268.05893
1048, 289.47934
1048, 267.8171
1048, 284.88428
1048, 274.06433
1048, 291.58725
1048, 268.31488
1048, 268.37845
1049, 279.29413
1049, 273.19168
1049, 269.52682
1049, 256.15643
1049, 287.76913
1049, 298.72998
1049, 254.31448
1049, 251.2704
1050, 266.26886
1050, 269.41034
1050, 281.75986
1050, 270.60773
1050, 255.83357
1050, 290.78482
1050, 280.30856
1050, 304.90454
1051, 310.82437
1051, 331.6824
1051, 344.87155
1051, 332.31052
1051, 312.15247
1051, 303.35544
1051, 313.09787
1051, 317.39514
1052, 219.29932
1052, 211.03622
1052, 205.07625
1052, 250.69897
1052, 237.45206
1052, 220.70663
1052, 261.33655
1052, 272.66953
1053, 311.99658
1053, 304.6264
1053, 300.41577
1053, 279.2157
1053, 342.04395
1053, 330.5276
1053, 369.76804
1053, 334.52402
1054, 285.4089
1054, 337.1113
1054, 265.336
1054, 288.54724
1054, 273.00037
1054, 292.63492
1054, 260.72513
1054, 260.86603
1055, 278.86948
1055, 313.96204
1055, 287.43533
1055, 304.2289
1055, 320.9961
1055, 330.05383
1055, 306.0989
1055, 317.82404
1056, 358.7398
1056, 358.62064
1056, 323.26648
1056, 316.93716
1056, 376.27158
1056, 358.64352
1056, 359.06567
1056, 336.2682
1057, 236.5314
1057, 250.36145
1057, 280.12625
1057, 286.5128
1057, 261.2077
1057, 245.39188
1057, 308.5797
1057, 284.3461
1058, 387.06842
1058, 337.08347
1058, 345.95474
1058, 342.93097
1058, 378.6278
1058, 342.2582
1058, 336.8132
1058, 331.53445
1059, 338.2717
1059, 343.3331
1059, 343.18814
1059, 346.2218
1059, 313.03012
1059, 300.99554
1059, 335.1898
1059, 327.40005
1060, 273.5841
1060, 297.4011
1060, 294.70087
1060, 322.01678
1060, 255.5675
1060, 252.78981
1060, 296.53354
1060, 303.25653
1061, 297.98572
1061, 312.84418
1061, 311.5852
1061, 298.23163
1061, 248.95177
1061, 247.69531
1061, 297.14685
1061, 274.44016
1062, 401.0458
1062, 369.713
1062, 362.91003
1062, 306.05942
1062, 399.2969
1062, 345.9484
1062, 338.10358
1062, 255.76097
1063, 293.6226
1063, 291.5711
1063, 221.0545
1063, 278.09085
1063, 284.50394
1063, 258.31857
1063, 202.07283
1063, 284.941
1064, 364.32462
1064, 383.9661
1064, 357.07556
1064, 377.3006
1064, 261.32645
1064, 290.7944
1064, 263.00183
1064, 273.0278
1065, 411.6171
1065, 416.9274
1065, 415.1718
1065, 416.45587
1065, 369.35474
1065, 358.06927
1065, 343.70587
1065, 367.0018
1066, 391.94254
1066, 406.14917
1066, 403.33743
1066, 420.24466
1066, 334.7291
1066, 359.20093
1066, 354.91458
1066, 387.10663
1067, 281.2992
1067, 271.69077
1067, 354.85
1067, 345.65277
1067, 269.14807
1067, 296.2511
1067, 305.58365
1067, 320.6311
1068, 437.4046
1068, 408.22345
1068, 411.89044
1068, 397.6998
1068, 360.5604
1068, 336.17514
1068, 313.21524
1068, 305.07098
1069, 425.65237
1069, 425.6876
1069, 385.88998
1069, 398.81232
1069, 352.84207
1069, 415.43863
1069, 316.11026
1069, 399.3257
1070, 391.22836
1070, 438.57437
1070, 433.17868
1070, 451.76062
1070, 359.36407
1070, 421.8364
1070, 407.91104
1070, 434.81714
1071, 216.50511
1071, 223.73598
1071, 223.36751
1071, 210.51357
1071, 234.16553
1071, 238.1149
1071, 227.23146
1071, 219.1959
1072, 423.94894
1072, 338.83972
1072, 392.20312
1072, 322.25375
1072, 403.61285
1072, 385.72955
1072, 400.65646
1072, 394.20908
1073, 309.13742
1073, 292.23367
1073, 292.25568
1073, 280.2352
1073, 333.14017
1073, 294.01807
1073, 320.55396
1073, 287.18375
1074, 273.4525
1074, 264.4845
1074, 253.34229
1074, 240.78896
1074, 277.05667
1074, 278.62854
1074, 267.78287
1074, 275.70428
1075, 292.88382
1075, 298.82715
1075, 288.78854
1075, 310.14215
1075, 294.19907
1075, 270.6482
1075, 284.47998
1075, 291.24588
1076, 305.8758
1076, 328.672
1076, 314.50186
1076, 326.7779
1076, 304.61267
1076, 331.07947
1076, 302.1106
1076, 328.6249
1077, 388.74597
1077, 403.02353
1077, 365.2358
1077, 361.4946
1077, 388.71524
1077, 374.82263
1077, 363.33252
1077, 341.3571
1078, 350.0726
1078, 405.62518
1078, 333.43567
1078, 353.59714
1078, 324.2792
1078, 344.3873
1078, 290.2719
1078, 278.967
1079, 366.16806
1079, 350.94547
1079, 383.65457
1079, 377.48398
1079, 341.385
1079, 313.42566
1079, 361.3284
1079, 348.77026
1080, 334.72836
1080, 321.94708
1080, 362.97504
1080, 319.56787
1080, 327.92004
1080, 322.14804
1080, 332.29288
1080, 305.6099
1081, 342.64963
1081, 318.66193
1081, 350.97568
1081, 322.0554
1081, 303.86948
1081, 286.05774
1081, 318.064
1081, 295.85098
1082, 333.1807
1082, 323.3187
1082, 294.1021
1082, 276.2103
1082, 299.44672
1082, 271.09848
1082, 263.7982
1082, 240.4467
1083, 260.3671
1083, 305.55753
1083, 284.37234
1083, 308.1213
1083, 260.4033
1083, 307.6758
1083, 237.67017
1083, 298.3351
1084, 307.45435
1084, 296.19287
1084, 303.55267
1084, 293.35623
1084, 300.29544
1084, 290.5725
1084, 282.40393
1084, 267.79486
1085, 289.35016
1085, 299.07803
1085, 289.01633
1085, 313.67154
1085, 293.2689
1085, 337.6458
1085, 303.70715
1085, 321.97592
1086, 337.5916
1086, 334.91135
1086, 366.38885
1086, 348.63803
1086, 304.29294
1086, 313.5676
1086, 345.49652
1086, 368.51514
1087, 339.64203
1087, 341.7836
1087, 338.38556
1087, 306.3401
1087, 285.3103
1087, 306.06686
1087, 325.27966
1087, 237.56987
1088, 427.87146
1088, 395.31503
1088, 436.677
1088, 401.29797
1088, 426.48444
1088, 378.04706
1088, 440.10657
1088, 392.00516
1089, 314.68463
1089, 319.3904
1089, 349.7139
1089, 322.04285
1089, 319.67847
1089, 308.75052
1089, 346.45102
1089, 329.43805
1090, 386.46582
1090, 386.05518
1090, 390.56525
1090, 406.4908
1090, 397.42136
1090, 386.6318
1090, 409.08545
1090, 404.14023
1091, 400.97394
1091, 333.94736
1091, 425.46454
1091, 361.09656
1091, 396.76404
1091, 357.15503
1091, 432.31848
1091, 388.84998
1092, 351.53577
1092, 337.72797
1092, 389.675
1092, 394.85495
1092, 341.24097
1092, 326.52017
1092, 367.58554
1092, 353.80417
1093, 300.43573
1093, 265.0789
1093, 310.4304
1093, 272.16544
1093, 272.66537
1093, 257.27377
1093, 279.8016
1093, 266.99765
1094, 290.35406
1094, 334.1703
1094, 285.1619
1094, 352.10956
1094, 299.06342
1094, 337.8876
1094, 275.50174
1094, 315.8155
1095, 300.8724
1095, 308.0497
1095, 273.9178
1095, 275.98715
1095, 310.26233
1095, 319.11398
1095, 281.72485
1095, 298.47253
1096, 299.37708
1096, 269.72232
1096, 287.04196
1096, 268.45444
1096, 301.934
1096, 327.27896
1096, 276.77518
1096, 296.2679
1097, 236.24733
1097, 241.40756
1097, 221.85745
1097, 232.88838
1097, 263.6383
1097, 311.01376
1097, 240.85318
1097, 275.68427
1098, 336.12137
1098, 386.92242
1098, 310.23795
1098, 304.89255
1098, 252.35837
1098, 355.11475
1098, 239.18878
1098, 254.39232
1099, 367.6916
1099, 365.9269
1099, 425.10776
1099, 368.9604
1099, 432.52917
1099, 351.88132
1099, 422.014
1099, 329.85556
1100, 202.8743
1100, 231.9372
1100, 210.4146
1100, 227.15764
1100, 231.77336
1100, 294.576
1100, 268.8051
1100, 279.70975
1101, 370.84573
1101, 366.1735
1101, 359.8019
1101, 348.5079
1101, 383.2365
1101, 381.7385
1101, 387.04446
1101, 387.05237
1102, 310.82047
1102, 305.94214
1102, 295.35318
1102, 321.08716
1102, 333.86618
1102, 322.5739
1102, 289.11182
1102, 336.91318
1103, 332.74847
1103, 323.0181
1103, 331.65384
1103, 328.03638
1103, 311.9489
1103, 326.7879
1103, 299.23004
1103, 297.12372
1104, 279.48886
1104, 281.507
1104, 293.82318
1104, 282.05377
1104, 280.10303
1104, 269.4021
1104, 280.77133
1104, 269.9615
1105, 285.20074
1105, 308.0198
1105, 294.66327
1105, 314.45255
1105, 270.46332
1105, 295.19046
1105, 276.86923
1105, 303.84528
1106, 365.34958
1106, 329.4998
1106, 369.39084
1106, 345.06674
1106, 382.55862
1106, 351.27606
1106, 366.9365
1106, 341.56415
1107, 279.87653
1107, 276.54477
1107, 272.48425
1107, 232.44533
1107, 304.86908
1107, 316.83408
1107, 287.62506
1107, 275.2897
1108, 218.1153
1108, 208.09229
1108, 206.49709
1108, 142.57404
1108, 234.26518
1108, 205.8717
1108, 210.46548
1108, 159.27872
1109, 335.2044
1109, 314.0524
1109, 353.96332
1109, 334.1003
1109, 362.11908
1109, 319.58072
1109, 329.33743
1109, 300.5028
1110, 361.22714
1110, 274.25134
1110, 336.52194
1110, 317.98425
1110, 359.60748
1110, 348.11084
1110, 328.18286
1110, 356.21658
1111, 207.43967
1111, 286.63867
1111, 297.23724
1111, 301.38263
1111, 291.27213
1111, 327.55664
1111, 311.29697
1111, 295.06934
1112, 273.21854
1112, 291.53082
1112, 363.31128
1112, 303.3277
1112, 268.90872
1112, 281.83707
1112, 338.1661
1112, 307.76193
1113, 266.7681
1113, 296.13217
1113, 278.81223
1113, 315.09396
1113, 273.83557
1113, 299.30426
1113, 292.0491
1113, 306.17697
1114, 310.64594
1114, 329.902
1114, 333.0952
1114, 366.923
1114, 272.3633
1114, 288.56296
1114, 309.08847
1114, 346.813
1115, 321.90027
1115, 301.26276
1115, 310.5086
1115, 307.30865
1115, 303.97623
1115, 327.55667
1115, 326.30475
1115, 319.14767
1116, 257.01056
1116, 235.60027
1116, 246.18092
1116, 212.83362
1116, 243.7231
1116, 249.98466
1116, 228.19872
1116, 235.12714
1117, 364.46295
1117, 371.60153
1117, 313.33383
1117, 335.32346
1117, 353.07367
1117, 342.85666
1117, 317.27618
1117, 329.18042
1118, 299.91965
1118, 273.21448
1118, 299.8914
1118, 288.91345
1118, 291.14124
1118, 282.68893
1118, 282.42447
1118, 291.62442
1119, 106.03341
1119, 137.87932
1119, 100.94165
1119, 150.47664
1119, 92.632355
1119, 139.99706
1119, 109.41434
1119, 149.79741
1120, 218.01749
1120, 211.63063
1120, 221.21982
1120, 215.37714
1120, 190.7927
1120, 204.64265
1120, 189.88348
1120, 202.80363
1121, 190.36491
1121, 165.45876
1121, 191.90424
1121, 182.27237
1121, 177.1323
1121, 172.36801
1121, 183.69345
1121, 174.83206
1122, 354.41968
1122, 293.43567
1122, 424.84824
1122, 385.23138
1122, 356.45645
1122, 293.31433
1122, 410.59747
1122, 378.2156
1123, 242.10248
1123, 253.7979
1123, 224.0261
1123, 244.73299
1123, 294.71387
1123, 285.30627
1123, 269.39725
1123, 272.87634
1124, 252.90076
1124, 250.29224
1124, 249.72884
1124, 245.74869
1124, 254.479
1124, 247.23737
1124, 251.55225
1124, 240.52997
1125, 280.00012
1125, 290.61972
1125, 281.0307
1125, 272.81677
1125, 289.18887
1125, 291.85837
1125, 260.58566
1125, 241.29308
1126, 362.83023
1126, 315.19754
1126, 274.12805
1126, 276.73102
1126, 388.10968
1126, 317.87277
1126, 300.1484
1126, 263.92984
1127, 262.4189
1127, 232.53835
1127, 249.97617
1127, 231.62238
1127, 249.68674
1127, 234.32729
1127, 233.4103
1127, 239.91899
1128, 261.46594
1128, 304.4596
1128, 291.13306
1128, 275.62494
1128, 287.8209
1128, 347.69037
1128, 337.088
1128, 314.5801
1129, 232.77197
1129, 212.23329
1129, 231.66098
1129, 215.0822
1129, 236.58748
1129, 209.73314
1129, 238.14568
1129, 226.401
1130, 181.92557
1130, 169.07857
1130, 208.8862
1130, 190.71852
1130, 171.1942
1130, 179.86891
1130, 188.25298
1130, 196.85817
1131, 164.01051
1131, 176.60799
1131, 173.62508
1131, 181.97453
1131, 174.88155
1131, 182.99399
1131, 191.92166
1131, 195.45732
1132, 200.33812
1132, 224.83348
1132, 208.4078
1132, 225.46242
1132, 223.65567
1132, 252.99025
1132, 234.30798
1132, 257.29828
1133, 269.67935
1133, 253.03033
1133, 251.07336
1133, 224.73834
1133, 295.82953
1133, 297.9718
1133, 284.50317
1133, 271.16605
1134, 344.53998
1134, 325.6124
1134, 322.52197
1134, 300.61545
1134, 302.70322
1134, 290.48523
1134, 246.91129
1134, 253.47504
1135, 290.60675
1135, 270.2123
1135, 257.39398
1135, 242.96736
1135, 268.11005
1135, 264.29755
1135, 240.69968
1135, 238.06236
1136, 283.61227
1136, 308.24875
1136, 251.47667
1136, 281.88058
1136, 290.38123
1136, 321.0631
1136, 264.03745
1136, 295.90982
1137, 332.97064
1137, 344.6146
1137, 367.7159
1137, 371.44214
1137, 304.47592
1137, 330.13208
1137, 350.00546
1137, 373.0586
1138, 363.27032
1138, 313.93408
1138, 296.54556
1138, 306.84335
1138, 360.20587
1138, 316.8832
1138, 331.0197
1138, 315.54514
1139, 271.4806
1139, 287.4071
1139, 233.4975
1139, 215.41614
1139, 256.95398
1139, 298.0554
1139, 251.58907
1139, 219.31679
1140, 278.49637
1140, 275.33197
1140, 227.55482
1140, 251.67632
1140, 283.90048
1140, 285.87054
1140, 253.88512
1140, 261.33142
1141, 231.18214
1141, 234.03345
1141, 200.6089
1141, 183.83527
1141, 225.8463
1141, 221.17253
1141, 193.06104
1141, 179.6247
1142, 250.68567
1142, 240.04778
1142, 211.74104
1142, 203.3487
1142, 242.86748
1142, 236.41495
1142, 210.79556
1142, 203.62367
1143, 211.49734
1143, 230.06293
1143, 184.71857
1143, 184.13693
1143, 195.6386
1143, 209.63641
1143, 188.95967
1143, 182.53934
1144, 356.78156
1144, 356.8917
1144, 334.60144
1144, 309.5539
1144, 344.55087
1144, 322.0984
1144, 315.5099
1144, 274.14484
1145, 261.37473
1145, 258.5427
1145, 318.00287
1145, 307.31357
1145, 307.33517
1145, 314.21973
1145, 362.8599
1145, 366.97006
1146, 230.20424
1146, 283.00153
1146, 266.06985
1146, 298.7529
1146, 275.643
1146, 274.3071
1146, 293.98068
1146, 295.1452
1147, 299.02628
1147, 305.53232
1147, 301.9605
1147, 338.2328
1147, 283.6394
1147, 280.7504
1147, 307.77957
1147, 319.7453
1148, 349.42856
1148, 325.19827
1148, 338.0658
1148, 320.07205
1148, 343.41403
1148, 316.07468
1148, 339.61047
1148, 336.2241
1149, 270.33105
1149, 299.49582
1149, 308.60382
1149, 311.27094
1149, 285.3439
1149, 308.80676
1149, 320.60263
1149, 334.93845
1150, 241.73178
1150, 200.13107
1150, 262.6853
1150, 232.75902
1150, 229.77727
1150, 204.49667
1150, 290.4918
1150, 237.03789
1151, 189.92331
1151, 191.08781
1151, 170.78801
1151, 156.71184
1151, 205.15761
1151, 202.85573
1151, 190.89037
1151, 177.55789
1152, 289.55997
1152, 315.46014
1152, 258.2756
1152, 282.2625
1152, 250.44354
1152, 313.30243
1152, 241.37581
1152, 265.48938
1153, 235.67577
1153, 286.91647
1153, 241.68964
1153, 270.95502
1153, 258.3622
1153, 272.34222
1153, 267.53156
1153, 269.23413
1154, 295.10925
1154, 262.24246
1154, 288.62976
1154, 264.798
1154, 287.8366
1154, 303.48602
1154, 275.02484
1154, 288.70477
1155, 278.8177
1155, 272.09686
1155, 289.32288
1155, 300.8697
1155, 350.96603
1155, 336.02472
1155, 339.79236
1155, 338.39114
1156, 231.5021
1156, 217.34329
1156, 255.38235
1156, 244.00674
1156, 236.50526
1156, 226.12152
1156, 249.01462
1156, 241.83449
1157, 250.88757
1157, 274.26898
1157, 260.36594
1157, 287.9623
1157, 260.12012
1157, 260.0714
1157, 246.96986
1157, 259.14978
1158, 329.5327
1158, 302.91998
1158, 319.3802
1158, 298.85556
1158, 321.28293
1158, 286.12537
1158, 296.5894
1158, 264.72284
1159, 361.72104
1159, 354.1662
1159, 329.80518
1159, 348.96048
1159, 343.53378
1159, 321.73322
1159, 321.04205
1159, 322.9453
1160, 329.07358
1160, 335.2959
1160, 285.228
1160, 309.0899
1160, 315.5064
1160, 343.18414
1160, 268.58624
1160, 301.25174
1161, 310.0948
1161, 291.74982
1161, 254.14993
1161, 242.36996
1161, 320.66266
1161, 290.21448
1161, 260.20932
1161, 224.61884
1162, 313.71548
1162, 237.22919
1162, 273.4252
1162, 220.46576
1162, 318.05392
1162, 238.23541
1162, 265.7653
1162, 245.51434
1163, 320.691
1163, 278.50937
1163, 346.40314
1163, 295.47122
1163, 279.59387
1163, 300.52762
1163, 288.2114
1163, 272.02094
1164, 278.4391
1164, 284.20264
1164, 295.33682
1164, 275.9318
1164, 239.13884
1164, 267.88727
1164, 301.80722
1164, 296.21527
1165, 345.40927
1165, 348.57886
1165, 308.52606
1165, 340.06976
1165, 314.56735
1165, 339.09372
1165, 309.19308
1165, 327.63406
1166, 317.29587
1166, 308.8444
1166, 311.11057
1166, 305.81097
1166, 313.66452
1166, 322.30682
1166, 305.2787
1166, 324.3149
1167, 246.31006
1167, 229.62639
1167, 215.10484
1167, 213.29643
1167, 249.5559
1167, 222.64832
1167, 176.72694
1167, 176.3932
1168, 300.96487
1168, 320.50354
1168, 260.8043
1168, 293.18872
1168, 304.51224
1168, 336.28754
1168, 278.7032
1168, 332.1797
1169, 306.32452
1169, 290.8733
1169, 278.37488
1169, 305.51184
1169, 328.58307
1169, 327.33002
1169, 336.05737
1169, 338.74576
1170, 265.98203
1170, 266.33173
1170, 280.86453
1170, 277.3704
1170, 290.59302
1170, 257.219
1170, 289.35666
1170, 269.2227
1171, 414.69852
1171, 388.71283
1171, 462.46848
1171, 440.67596
1171, 409.61807
1171, 346.3363
1171, 443.3188
1171, 380.47968
1172, 374.3567
1172, 361.65625
1172, 353.06223
1172, 351.12784
1172, 291.1326
1172, 322.31625
1172, 306.98996
1172, 319.96307
1173, 307.73468
1173, 272.38943
1173, 341.29663
1173, 312.6445
1173, 270.6241
1173, 260.24792
1173, 297.24146
1173, 280.79834
1174, 308.56998
1174, 313.41818
1174, 291.70392
1174, 302.65625
1174, 244.63358
1174, 242.99562
1174, 246.73756
1174, 262.28018
1175, 314.19772
1175, 277.1066
1175, 288.9583
1175, 261.98102
1175, 279.83804
1175, 259.39627
1175, 273.04947
1175, 270.06155
1176, 394.97122
1176, 423.2126
1176, 396.07812
1176, 400.29053
1176, 421.23102
1176, 436.9106
1176, 422.15448
1176, 429.08563
1177, 241.45978
1177, 224.88634
1177, 241.29773
1177, 218.56438
1177, 242.8734
1177, 206.42157
1177, 233.11021
1177, 202.39618
1178, 276.90732
1178, 301.42642
1178, 279.00778
1178, 297.6445
1178, 239.42384
1178, 243.73647
1178, 292.36038
1178, 273.1205
1179, 301.9728
1179, 294.39966
1179, 313.4074
1179, 320.55774
1179, 251.61813
1179, 277.49817
1179, 314.96213
1179, 339.7756
1180, 237.82849
1180, 240.64322
1180, 283.52612
1180, 252.71191
1180, 215.79039
1180, 216.51299
1180, 265.18692
1180, 236.17206
1181, 243.9666
1181, 265.95917
1181, 270.27353
1181, 264.576
1181, 241.37437
1181, 283.62183
1181, 289.0553
1181, 295.05414
1182, 299.40286
1182, 274.62186
1182, 297.58005
1182, 304.00003
1182, 351.8064
1182, 330.0202
1182, 324.38153
1182, 342.63528
1183, 396.97192
1183, 339.9981
1183, 378.80295
1183, 351.00568
1183, 422.90195
1183, 343.88092
1183, 427.258
1183, 375.6134
1184, 295.43427
1184, 310.51727
1184, 325.7874
1184, 324.93018
1184, 282.53607
1184, 297.1314
1184, 328.06635
1184, 343.11288
1185, 210.47081
1185, 232.53963
1185, 188.79422
1185, 197.64346
1185, 234.49097
1185, 266.3158
1185, 196.39198
1185, 231.15175
1186, 317.2153
1186, 316.89713
1186, 279.79404
1186, 307.66125
1186, 327.49326
1186, 340.98965
1186, 324.30963
1186, 338.5031
1187, 326.2387
1187, 307.522
1187, 346.86783
1187, 353.95667
1187, 334.73956
1187, 304.86145
1187, 371.63544
1187, 355.07822
1188, 295.78387
1188, 312.72113
1188, 356.53098
1188, 374.65228
1188, 255.28882
1188, 268.81552
1188, 324.02966
1188, 317.96353
1189, 310.95557
1189, 326.7597
1189, 316.38538
1189, 317.60434
1189, 305.12344
1189, 300.2864
1189, 312.00302
1189, 301.83054
1190, 393.44223
1190, 363.1589
1190, 330.4066
1190, 341.32724
1190, 314.17133
1190, 301.53113
1190, 302.92456
1190, 308.16214
1191, 237.08534
1191, 265.04572
1191, 188.9319
1191, 218.5252
1191, 240.74136
1191, 262.13293
1191, 196.08401
1191, 215.6868
1192, 234.55428
1192, 236.16858
1192, 226.53423
1192, 230.70941
1192, 253.28053
1192, 249.55943
1192, 225.30936
1192, 221.05783
1193, 210.48958
1193, 197.67316
1193, 211.65143
1193, 197.56299
1193, 218.56703
1193, 207.77673
1193, 223.66687
1193, 213.9909
1194, 384.15604
1194, 374.67035
1194, 404.99377
1194, 403.2689
1194, 387.37878
1194, 359.9059
1194, 409.1824
1194, 410.31598
1195, 272.4516
1195, 244.05167
1195, 269.0562
1195, 261.71643
1195, 290.7125
1195, 261.56015
1195, 274.58957
1195, 255.88695
1196, 288.96436
1196, 273.91757
1196, 308.76474
1196, 273.1029
1196, 334.8702
1196, 292.6257
1196, 364.15753
1196, 323.31015
1197, 344.2242
1197, 380.5956
1197, 338.55432
1197, 373.60162
1197, 351.97803
1197, 370.6095
1197, 350.79684
1197, 363.62076
1198, 348.1052
1198, 312.34436
1198, 322.91235
1198, 286.31918
1198, 335.25018
1198, 295.07956
1198, 294.14474
1198, 249.49203
1199, 285.65002
1199, 281.11533
1199, 254.28972
1199, 261.44785
1199, 283.57016
1199, 295.52567
1199, 265.8812
1199, 287.7362
1200, 355.474
1200, 342.33948
1200, 373.26407
1200, 376.59875
1200, 389.13727
1200, 379.46664
1200, 391.03534
1200, 407.90964
1201, 400.16437
1201, 370.23816
1201, 405.7791
1201, 378.65283
1201, 376.72922
1201, 392.5406
1201, 403.01883
1201, 411.19485
1202, 354.83463
1202, 321.32858
1202, 369.43674
1202, 319.93738
1202, 367.1936
1202, 306.0229
1202, 409.95914
1202, 328.9353
1203, 317.1579
1203, 309.08264
1203, 257.39694
1203, 259.07108
1203, 300.95444
1203, 289.77542
1203, 250.0163
1203, 245.67632
1204, 273.11548
1204, 301.4121
1204, 238.58334
1204, 295.63757
1204, 259.4052
1204, 280.5049
1204, 235.08867
1204, 270.79678
1205, 301.88968
1205, 319.8102
1205, 280.7612
1205, 289.55798
1205, 278.61368
1205, 298.4363
1205, 260.5068
1205, 266.69772
1206, 285.71786
1206, 329.60754
1206, 289.1712
1206, 318.71307
1206, 292.9322
1206, 338.65845
1206, 283.0734
1206, 304.57874
1207, 315.82706
1207, 284.631
1207, 277.18866
1207, 271.7186
1207, 259.33142
1207, 215.79555
1207, 258.71683
1207, 244.68356
1208, 333.00433
1208, 352.17157
1208, 341.30136
1208, 372.46085
1208, 329.682
1208, 372.21417
1208, 329.31778
1208, 394.17752
1209, 346.16046
1209, 287.73062
1209, 365.24957
1209, 302.24442
1209, 369.7792
1209, 318.70844
1209, 412.34995
1209, 347.58536
1210, 221.55167
1210, 249.57808
1210, 202.01627
1210, 231.25954
1210, 250.5146
1210, 271.84937
1210, 236.53802
1210, 274.98083
1211, 273.649
1211, 276.6866
1211, 272.57117
1211, 261.9167
1211, 306.50482
1211, 295.60583
1211, 301.12695
1211, 278.9448
1212, 256.7524
1212, 227.37761
1212, 274.48563
1212, 238.03429
1212, 267.69675
1212, 247.27792
1212, 270.79367
1212, 239.49777
1213, 325.24133
1213, 307.2943
1213, 332.72736
1213, 316.15768
1213, 353.4066
1213, 359.132
1213, 339.52454
1213, 332.7783
1214, 280.63358
1214, 281.01776
1214, 305.0508
1214, 297.7114
1214, 296.21967
1214, 289.27325
1214, 322.0795
1214, 312.82233
1215, 314.28983
1215, 343.51816
1215, 282.55093
1215, 308.3688
1215, 321.449
1215, 337.8877
1215, 292.41235
1215, 312.2202
1216, 336.436
1216, 338.79404
1216, 304.16626
1216, 307.49307
1216, 334.60858
1216, 334.5148
1216, 301.55954
1216, 302.3131
1217, 314.41675
1217, 298.55292
1217, 289.76636
1217, 286.1372
1217, 309.75714
1217, 284.8955
1217, 284.993
1217, 267.925
1218, 263.9069
1218, 252.47221
1218, 205.23816
1218, 219.03435
1218, 249.5541
1218, 253.72961
1218, 207.8704
1218, 216.97868
1219, 320.5334
1219, 368.4293
1219, 307.79794
1219, 345.68665
1219, 335.44366
1219, 390.0558
1219, 345.83133
1219, 409.86676
1220, 323.97052
1220, 245.48347
1220, 306.3471
1220, 280.4406
1220, 325.9961
1220, 265.53973
1220, 341.59143
1220, 310.48624
1221, 145.74203
1221, 188.881
1221, 163.56767
1221, 191.04617
1221, 166.0082
1221, 205.86818
1221, 157.41112
1221, 191.61002
1222, 273.45453
1222, 237.55739
1222, 265.06116
1222, 231.62589
1222, 299.76068
1222, 270.59964
1222, 280.47073
1222, 245.87578
1223, 249.44536
1223, 220.82184
1223, 220.61435
1223, 194.1496
1223, 255.16599
1223, 204.58376
1223, 244.71834
1223, 194.7691
1224, 316.17557
1224, 332.29282
1224, 292.66803
1224, 311.99094
1224, 330.08035
1224, 326.20792
1224, 309.65845
1224, 329.8022
1225, 305.92328
1225, 306.1001
1225, 301.67447
1225, 321.37112
1225, 298.7346
1225, 301.92776
1225, 306.1849
1225, 318.1438
1226, 295.16388
1226, 281.9017
1226, 301.8867
1226, 303.80533
1226, 295.13336
1226, 291.42474
1226, 309.92035
1226, 302.73816
1227, 357.33655
1227, 329.39392
1227, 331.61304
1227, 338.10858
1227, 367.76938
1227, 330.12354
1227, 332.32562
1227, 335.1507
1228, 294.99246
1228, 296.98123
1228, 277.29413
1228, 280.95718
1228, 288.25607
1228, 281.25357
1228, 275.60257
1228, 278.54852
1229, 239.82373
1229, 184.7191
1229, 240.5404
1229, 169.15358
1229, 225.92952
1229, 175.03473
1229, 215.99715
1229, 167.20308
1230, 294.77014
1230, 295.0204
1230, 289.3997
1230, 269.48328
1230, 329.8627
1230, 357.34158
1230, 331.39133
1230, 339.6054
1231, 279.35306
1231, 306.7047
1231, 274.17947
1231, 337.57083
1231, 328.97464
1231, 275.4394
1231, 297.14935
1231, 311.25052
1232, 265.04407
1232, 276.3266
1232, 213.87979
1232, 234.72345
1232, 302.345
1232, 282.43216
1232, 239.96559
1232, 266.9717
1233, 287.22818
1233, 299.8372
1233, 322.43738
1233, 307.36435
1233, 244.7455
1233, 249.82875
1233, 294.0165
1233, 269.80432
1234, 271.12158
1234, 277.16302
1234, 266.56055
1234, 281.74588
1234, 220.85284
1234, 233.72525
1234, 222.36879
1234, 249.26556
1235, 240.98595
1235, 298.7506
1235, 224.68324
1235, 313.62115
1235, 213.95113
1235, 307.40442
1235, 199.64725
1235, 291.5448
1236, 295.73602
1236, 301.11084
1236, 282.80978
1236, 269.162
1236, 314.6107
1236, 314.31067
1236, 316.67795
1236, 296.66876
1237, 265.31516
1237, 236.47408
1237, 240.4751
1237, 230.82684
1237, 261.76703
1237, 249.0293
1237, 256.62732
1237, 253.28409
1238, 366.42938
1238, 349.8115
1238, 366.5577
1238, 361.625
1238, 379.45435
1238, 366.05994
1238, 385.56274
1238, 386.07553
1239, 206.7414
1239, 206.24869
1239, 213.67125
1239, 231.99379
1239, 213.41873
1239, 220.5385
1239, 248.42302
1239, 274.18182
1240, 221.46826
1240, 224.50298
1240, 280.28595
1240, 300.93106
1240, 229.81145
1240, 212.4503
1240, 296.31085
1240, 293.56613
1241, 263.23276
1241, 270.8361
1241, 302.02823
1241, 263.60345
1241, 247.90727
1241, 257.68454
1241, 262.46326
1241, 244.17012
1242, 413.15558
1242, 410.52988
1242, 416.54074
1242, 416.3096
1242, 391.76443
1242, 375.39175
1242, 384.78433
1242, 381.26746
1243, 375.91974
1243, 342.5763
1243, 386.16974
1243, 372.391
1243, 337.0012
1243, 296.74762
1243, 331.7073
1243, 316.84744
1244, 295.648
1244, 286.28717
1244, 288.41342
1244, 277.27853
1244, 274.02094
1244, 270.61664
1244, 269.19125
1244, 263.4332
1245, 260.87076
1245, 253.15828
1245, 260.613
1245, 248.03323
1245, 246.70203
1245, 249.33122
1245, 246.7614
1245, 248.22328
1246, 277.4775
1246, 241.18344
1246, 243.57256
1246, 207.00526
1246, 282.4759
1246, 237.9106
1246, 253.32031
1246, 210.67155
1247, 453.6554
1247, 453.1534
1247, 437.26917
1247, 436.9181
1247, 458.38434
1247, 433.87332
1247, 437.568
1247, 417.8668
1248, 245.61375
1248, 249.69666
1248, 240.0207
1248, 264.3046
1248, 258.5383
1248, 279.83908
1248, 234.28018
1248, 285.16687
1249, 261.89838
1249, 297.9835
1249, 259.32278
1249, 262.47906
1249, 272.9905
1249, 297.631
1249, 259.6545
1249, 251.92387
1250, 245.48074
1250, 227.86218
1250, 219.43454
1250, 214.90591
1250, 250.23064
1250, 237.98796
1250, 226.89702
1250, 226.83406
1251, 224.55812
1251, 226.08464
1251, 214.45209
1251, 220.17207
1251, 233.68137
1251, 240.31259
1251, 217.0069
1251, 239.1049
1252, 229.7465
1252, 218.98885
1252, 234.26236
1252, 229.26102
1252, 254.19455
1252, 239.55678
1252, 248.14731
1252, 249.56892
1253, 280.09094
1253, 314.72864
1253, 280.72076
1253, 313.98477
1253, 304.73184
1253, 331.04773
1253, 305.1386
1253, 324.51364
1254, 325.25406
1254, 323.21072
1254, 323.5258
1254, 328.61185
1254, 328.9952
1254, 305.84167
1254, 333.12973
1254, 309.3903
1255, 278.62042
1255, 284.0895
1255, 269.55988
1255, 274.13046
1255, 307.06363
1255, 297.52353
1255, 299.06522
1255, 285.2349
1256, 275.94406
1256, 277.37137
1256, 261.651
1256, 269.36008
1256, 280.65292
1256, 266.35193
1256, 269.6159
1256, 263.55734
1257, 287.53836
1257, 306.35904
1257, 294.3111
1257, 299.24725
1257, 269.6897
1257, 279.10306
1257, 279.5439
1257, 280.8493
1258, 326.59406
1258, 340.22906
1258, 331.2531
1258, 331.18286
1258, 298.70306
1258, 340.32974
1258, 302.78415
1258, 326.0888
1259, 341.64548
1259, 309.38187
1259, 293.62515
1259, 261.0972
1259, 348.32095
1259, 271.32764
1259, 303.59808
1259, 222.83902
1260, 290.93896
1260, 276.53445
1260, 253.34915
1260, 253.63129
1260, 324.2382
1260, 332.0104
1260, 296.89105
1260, 312.69086
1261, 116.66965
1261, 142.14182
1261, 98.673355
1261, 125.48745
1261, 115.97004
1261, 136.58334
1261, 97.82051
1261, 119.74826
1262, 367.49002
1262, 390.33023
1262, 338.10574
1262, 366.08624
1262, 330.7826
1262, 361.9745
1262, 296.41846
1262, 333.80377
1263, 223.25374
1263, 236.71028
1263, 214.37067
1263, 232.74158
1263, 199.42924
1263, 188.60826
1263, 189.44543
1263, 179.48012
1264, 381.14426
1264, 352.77728
1264, 376.45065
1264, 337.32263
1264, 363.99527
1264, 337.9997
1264, 356.94666
1264, 309.5299
1265, 338.61127
1265, 309.80945
1265, 306.28894
1265, 291.31354
1265, 323.5356
1265, 328.49185
1265, 298.0463
1265, 310.87915
1266, 321.64896
1266, 312.3487
1266, 291.60034
1266, 301.72266
1266, 310.07294
1266, 328.9807
1266, 287.7113
1266, 328.5355
1267, 307.72733
1267, 272.64227
1267, 278.31763
1267, 254.56303
1267, 267.171
1267, 254.59467
1267, 266.13626
1267, 255.30077
1268, 268.8691
1268, 237.7089
1268, 308.6473
1268, 295.97144
1268, 259.76196
1268, 232.97713
1268, 317.14487
1268, 306.83624
1269, 363.99402
1269, 355.7579
1269, 382.1624
1269, 366.18668
1269, 363.3921
1269, 356.19788
1269, 375.35516
1269, 349.6037
1270, 379.94138
1270, 383.09476
1270, 386.4566
1270, 391.62238
1270, 338.87173
1270, 359.6661
1270, 360.63965
1270, 366.80466
1271, 318.17212
1271, 267.36096
1271, 317.3287
1271, 286.29623
1271, 316.68683
1271, 249.385
1271, 318.719
1271, 255.60306
1272, 231.61705
1272, 220.2179
1272, 209.93994
1272, 239.38004
1272, 212.11635
1272, 220.31178
1272, 197.55064
1272, 228.93625
1273, 251.28813
1273, 266.66367
1273, 270.8966
1273, 270.15958
1273, 205.066
1273, 232.09433
1273, 240.18015
1273, 243.10661
1274, 316.4272
1274, 327.70242
1274, 296.22668
1274, 313.05603
1274, 322.01505
1274, 314.93335
1274, 302.8837
1274, 302.66888
1275, 246.75294
1275, 277.05344
1275, 286.07175
1275, 274.73224
1275, 231.14157
1275, 292.25037
1275, 263.14566
1275, 265.16415
1276, 303.18594
1276, 304.42706
1276, 254.53781
1276, 309.88495
1276, 303.7131
1276, 310.61044
1276, 257.10074
1276, 287.35907
1277, 345.84286
1277, 339.5612
1277, 368.1338
1277, 366.36093
1277, 313.55164
1277, 307.19424
1277, 337.20422
1277, 327.35092
1278, 346.0863
1278, 368.13797
1278, 366.0765
1278, 393.8963
1278, 307.42462
1278, 322.54117
1278, 340.37253
1278, 357.28885
1279, 308.8066
1279, 277.60492
1279, 305.08716
1279, 299.07172
1279, 263.6099
1279, 267.26025
1279, 275.9968
1279, 288.9877
1280, 318.9211
1280, 333.18845
1280, 346.0665
1280, 329.74106
1280, 325.38498
1280, 344.90598
1280, 330.63837
1280, 335.00903
1281, 321.8619
1281, 332.16656
1281, 328.12924
1281, 358.77316
1281, 320.78928
1281, 310.03305
1281, 327.63345
1281, 328.04443
1282, 311.53143
1282, 314.8203
1282, 316.49213
1282, 334.7078
1282, 294.79913
1282, 298.41904
1282, 319.41092
1282, 302.95483
1283, 258.5877
1283, 220.04109
1283, 238.90353
1283, 205.76875
1283, 278.30624
1283, 224.71129
1283, 267.6582
1283, 180.47911
1284, 293.627
1284, 290.03622
1284, 274.90417
1284, 255.56032
1284, 265.19904
1284, 259.98447
1284, 263.9981
1284, 254.1129
1285, 256.21967
1285, 279.0873
1285, 258.95035
1285, 283.1552
1285, 265.41287
1285, 274.5681
1285, 271.64893
1285, 309.0585
1286, 298.78485
1286, 303.0952
1286, 299.81018
1286, 278.54373
1286, 272.98257
1286, 250.9506
1286, 297.49408
1286, 251.11725
1287, 352.30032
1287, 358.0847
1287, 347.55948
1287, 356.87894
1287, 328.2202
1287, 333.57623
1287, 331.26895
1287, 344.7088
1288, 366.9186
1288, 387.90085
1288, 357.3931
1288, 376.55594
1288, 361.87332
1288, 393.27344
1288, 362.7818
1288, 379.74118
1289, 300.29657
1289, 336.3091
1289, 271.92148
1289, 319.75497
1289, 306.4393
1289, 329.7808
1289, 291.89966
1289, 325.22174
1290, 309.79993
1290, 320.04282
1290, 282.90506
1290, 299.1169
1290, 306.6714
1290, 308.26108
1290, 282.11362
1290, 293.97278
1291, 279.11795
1291, 231.15501
1291, 269.99307
1291, 245.73524
1291, 277.68723
1291, 234.45769
1291, 262.69617
1291, 260.93063
1292, 368.86493
1292, 292.55975
1292, 387.55814
1292, 320.6256
1292, 352.75693
1292, 274.4235
1292, 363.80435
1292, 300.79266
1293, 337.60678
1293, 375.25687
1293, 339.83405
1293, 371.9742
1293, 295.98337
1293, 321.56467
1293, 326.74066
1293, 329.6887
1294, 286.02765
1294, 285.30255
1294, 280.93048
1294, 286.00595
1294, 267.3676
1294, 276.55063
1294, 258.60645
1294, 257.30145
1295, 286.55954
1295, 237.26685
1295, 291.56082
1295, 266.0939
1295, 241.76192
1295, 222.03473
1295, 260.51968
1295, 263.4252
1296, 290.77017
1296, 291.2303
1296, 292.7774
1296, 289.12286
1296, 276.97372
1296, 262.692
1296, 298.53864
1296, 280.09744
1297, 301.20074
1297, 333.19037
1297, 274.29584
1297, 327.3725
1297, 304.1692
1297, 314.70944
1297, 267.44232
1297, 305.7242
1298, 347.93594
1298, 325.6762
1298, 302.06995
1298, 300.9446
1298, 331.5341
1298, 319.83942
1298, 318.8976
1298, 316.04556
1299, 279.45102
1299, 274.43207
1299, 307.10922
1299, 306.70157
1299, 289.42157
1299, 281.04013
1299, 325.15234
1299, 321.84573
1300, 382.87555
1300, 453.14185
1300, 415.3801
1300, 452.34045
1300, 382.54373
1300, 438.2139
1300, 389.5495
1300, 415.97452
1301, 324.31754
1301, 306.49094
1301, 325.28766
1301, 323.64075
1301, 329.74808
1301, 290.3205
1301, 283.54776
1301, 267.90005
1302, 291.43527
1302, 328.848
1302, 300.29852
1302, 385.5414
1302, 245.10887
1302, 291.63382
1302, 317.6014
1302, 342.08566
1303, 240.5936
1303, 241.54793
1303, 231.63649
1303, 241.25417
1303, 262.4992
1303, 234.50056
1303, 262.08722
1303, 227.21574
1304, 405.62796
1304, 338.93335
1304, 426.04865
1304, 358.16104
1304, 379.85938
1304, 308.99722
1304, 406.30756
1304, 343.41312
1305, 250.70934
1305, 300.29858
1305, 281.3112
1305, 305.49567
1305, 251.3945
1305, 285.9644
1305, 271.77197
1305, 305.78235
1306, 243.3794
1306, 241.72394
1306, 246.17352
1306, 255.11534
1306, 240.71461
1306, 266.20444
1306, 267.0697
1306, 265.01614
1307, 273.9647
1307, 283.51178
1307, 306.65744
1307, 314.298
1307, 209.6364
1307, 235.67467
1307, 273.35956
1307, 280.1259
1308, 361.70255
1308, 317.4078
1308, 389.7792
1308, 371.35626
1308, 339.99695
1308, 302.33115
1308, 374.59665
1308, 355.56824
1309, 276.12088
1309, 278.07666
1309, 306.3821
1309, 305.87277
1309, 288.96545
1309, 298.38626
1309, 308.73138
1309, 306.44116
1310, 240.3835
1310, 244.3969
1310, 295.59427
1310, 289.32098
1310, 238.16371
1310, 250.69495
1310, 297.16464
1310, 304.97083
1311, 315.41296
1311, 417.992
1311, 375.16833
1311, 450.7828
1311, 345.55917
1311, 447.79428
1311, 417.92117
1311, 452.2033
1312, 414.01288
1312, 408.63318
1312, 420.10062
1312, 419.6139
1312, 400.81378
1312, 378.6785
1312, 435.0367
1312, 390.1128
1313, 207.91103
1313, 217.28786
1313, 184.43001
1313, 183.34897
1313, 243.13423
1313, 230.75343
1313, 211.56096
1313, 214.36594
1314, 399.73138
1314, 394.80664
1314, 441.35107
1314, 423.14023
1314, 361.36523
1314, 348.04083
1314, 398.29922
1314, 391.72104
1315, 222.55232
1315, 227.88638
1315, 302.0038
1315, 303.74353
1315, 231.72487
1315, 254.02908
1315, 271.92188
1315, 284.92044
1316, 281.1201
1316, 276.70486
1316, 288.67935
1316, 291.66348
1316, 283.3921
1316, 275.1629
1316, 291.96152
1316, 282.04727
1317, 249.35211
1317, 224.3905
1317, 225.7575
1317, 198.52423
1317, 250.78911
1317, 221.9227
1317, 219.10341
1317, 182.04134
1318, 356.29712
1318, 330.55603
1318, 360.29428
1318, 346.6523
1318, 364.34433
1318, 329.62036
1318, 369.38077
1318, 340.28214
1319, 319.8511
1319, 292.65915
1319, 313.19098
1319, 297.63596
1319, 307.43665
1319, 308.2932
1319, 303.8289
1319, 313.32477
1320, 240.11281
1320, 243.96059
1320, 281.8173
1320, 301.93658
1320, 265.36688
1320, 244.85806
1320, 326.25296
1320, 307.4205
1321, 284.9798
1321, 286.17322
1321, 276.18274
1321, 288.14343
1321, 299.462
1321, 292.2921
1321, 293.44
1321, 283.56424
1322, 266.27585
1322, 271.95605
1322, 286.8544
1322, 292.9839
1322, 276.01843
1322, 288.6979
1322, 299.7759
1322, 314.22012
1323, 396.84778
1323, 289.00702
1323, 420.09305
1323, 346.08316
1323, 435.47208
1323, 301.42438
1323, 470.60776
1323, 374.6109
1324, 268.74734
1324, 275.74338
1324, 237.08626
1324, 232.72334
1324, 294.1382
1324, 314.3572
1324, 260.52133
1324, 260.44458
1325, 268.05093
1325, 299.48447
1325, 245.13773
1325, 271.7987
1325, 266.76736
1325, 299.83258
1325, 262.3945
1325, 276.429
1326, 304.18506
1326, 324.3812
1326, 264.0304
1326, 288.82074
1326, 308.42432
1326, 323.06247
1326, 270.6
1326, 276.251
1327, 343.53284
1327, 360.399
1327, 319.90436
1327, 319.80527
1327, 322.87537
1327, 341.24146
1327, 308.7442
1327, 300.8826
1328, 236.22136
1328, 213.6808
1328, 220.78223
1328, 174.88065
1328, 267.20984
1328, 319.21835
1328, 244.73239
1328, 223.76494
1329, 307.53085
1329, 338.74246
1329, 312.51224
1329, 384.78812
1329, 317.80682
1329, 348.9071
1329, 324.13733
1329, 369.1551
1330, 380.7486
1330, 359.45377
1330, 355.80103
1330, 275.77817
1330, 378.62143
1330, 365.8561
1330, 352.67795
1330, 278.85635
1331, 156.46173
1331, 191.73042
1331, 145.11708
1331, 171.16985
1331, 151.40987
1331, 179.72536
1331, 148.31282
1331, 174.30655
