element_id,Strain
1, 0.011200508
1, 0.010781732
1, 0.011132281
1, 0.0107798185
1, 0.0111627495
1, 0.010652446
1, 0.0110284975
1, 0.010584523
2, 0.010139781
2, 0.009588681
2, 0.009893282
2, 0.0090300515
2, 0.009894416
2, 0.009336331
2, 0.009544734
2, 0.00867475
3, 0.008817277
3, 0.008665483
3, 0.008322182
3, 0.008552112
3, 0.008571532
3, 0.008522735
3, 0.008202773
3, 0.008535662
4, 0.00842009
4, 0.008499953
4, 0.008435619
4, 0.008488933
4, 0.008474746
4, 0.008532649
4, 0.00843332
4, 0.00846467
5, 0.008908413
5, 0.009379402
5, 0.008694358
5, 0.009141122
5, 0.008936346
5, 0.009577194
5, 0.008714157
5, 0.009330746
6, 0.009680805
6, 0.009622193
6, 0.009277252
6, 0.009127322
6, 0.009928395
6, 0.009850291
6, 0.009579393
6, 0.009409945
7, 0.009572074
7, 0.009588688
7, 0.009068658
7, 0.009013889
7, 0.0096392175
7, 0.009362266
7, 0.009135879
7, 0.008787674
8, 0.00964053
8, 0.010125175
8, 0.009247056
8, 0.009765779
8, 0.00959489
8, 0.010489154
8, 0.009142695
8, 0.010070867
9, 0.011171686
9, 0.011117721
9, 0.010246101
9, 0.010226828
9, 0.011265402
9, 0.010730047
9, 0.010643873
9, 0.010143107
10, 0.011029483
10, 0.011521305
10, 0.010653551
10, 0.011522692
10, 0.010971379
10, 0.011804157
10, 0.010314675
10, 0.011524156
11, 0.011542405
11, 0.0112315975
11, 0.011604499
11, 0.010927412
11, 0.011770226
11, 0.011351711
11, 0.011920751
11, 0.011135654
12, 0.010341692
12, 0.010415688
12, 0.009926013
12, 0.009863216
12, 0.009645973
12, 0.0096946
12, 0.009220156
12, 0.009132105
13, 0.009348308
13, 0.00764489
13, 0.009162675
13, 0.0074963206
13, 0.008717153
13, 0.0073227086
13, 0.00884059
13, 0.007482651
14, 0.007113408
14, 0.008447403
14, 0.0071243374
14, 0.008404672
14, 0.0070144613
14, 0.008290645
14, 0.00691938
14, 0.008141703
15, 0.008762395
15, 0.008435245
15, 0.008628356
15, 0.008306942
15, 0.008612484
15, 0.008560474
15, 0.008396085
15, 0.008349789
16, 0.008329779
16, 0.008596247
16, 0.008230382
16, 0.008422532
16, 0.008641603
16, 0.008982667
16, 0.008599511
16, 0.008866241
17, 0.00856413
17, 0.008069672
17, 0.008373563
17, 0.00785736
17, 0.009024836
17, 0.008544468
17, 0.008786311
17, 0.008284222
18, 0.0076861265
18, 0.0075029437
18, 0.0073809875
18, 0.0074244337
18, 0.008063392
18, 0.007816967
18, 0.007822835
18, 0.007803122
19, 0.007776273
19, 0.008627424
19, 0.00760557
19, 0.008351761
19, 0.0079327235
19, 0.008425806
19, 0.007659964
19, 0.008048112
20, 0.008892109
20, 0.008222619
20, 0.008729392
20, 0.008080742
20, 0.008744187
20, 0.007984864
20, 0.008383055
20, 0.0076448745
21, 0.008791254
21, 0.01054997
21, 0.008328452
21, 0.009735924
21, 0.008241618
21, 0.010004995
21, 0.007953139
21, 0.009365866
22, 0.01096497
22, 0.010059294
22, 0.010064527
22, 0.009610632
22, 0.010671712
22, 0.009681853
22, 0.009715114
22, 0.009177211
23, 0.006858181
23, 0.0063901967
23, 0.006510359
23, 0.0058443826
23, 0.0067413105
23, 0.0061350777
23, 0.00628294
23, 0.005479037
24, 0.0063534486
24, 0.006210039
24, 0.0055293147
24, 0.005622669
24, 0.006573515
24, 0.0066252677
24, 0.0057285107
24, 0.0060171345
25, 0.0064756568
25, 0.00712611
25, 0.006253227
25, 0.0066075004
25, 0.006405685
25, 0.006776942
25, 0.006108716
25, 0.0061840103
26, 0.0073432275
26, 0.007718698
26, 0.0068605947
26, 0.0075319465
26, 0.006927218
26, 0.0074319835
26, 0.006446852
26, 0.0072472827
27, 0.0073030214
27, 0.006650654
27, 0.007076288
27, 0.006366757
27, 0.007314669
27, 0.0066742566
27, 0.0070821415
27, 0.0063845557
28, 0.006410354
28, 0.006410541
28, 0.0063250726
28, 0.006316975
28, 0.00644651
28, 0.0066681644
28, 0.006433901
28, 0.006647237
29, 0.0066184495
29, 0.007028802
29, 0.0067840605
29, 0.0071129496
29, 0.0070345174
29, 0.0076582655
29, 0.007068177
29, 0.0076103336
30, 0.007074042
30, 0.0071220514
30, 0.0068043624
30, 0.0068299375
30, 0.0075538103
30, 0.0071593546
30, 0.007604376
30, 0.0071874605
31, 0.007075363
31, 0.0060921363
31, 0.0062855035
31, 0.0055038542
31, 0.0072779497
31, 0.007096961
31, 0.006668116
31, 0.006688335
32, 0.00577985
32, 0.0066315904
32, 0.0056801247
32, 0.0062898346
32, 0.0069255177
32, 0.0069866125
32, 0.0067538586
32, 0.006572855
33, 0.006826129
33, 0.006737255
33, 0.0064940653
33, 0.0065766275
33, 0.0068517043
33, 0.006839673
33, 0.0063576777
33, 0.006517025
34, 0.0071985708
34, 0.006153396
34, 0.0069212867
34, 0.006211593
34, 0.0067831343
34, 0.0061145783
34, 0.006529313
34, 0.006195918
35, 0.00575205
35, 0.006348341
35, 0.006240252
35, 0.0066249627
35, 0.0061778813
35, 0.0062847016
35, 0.0064974246
35, 0.00639246
36, 0.0065470254
36, 0.0058792806
36, 0.006368939
36, 0.005789678
36, 0.005925103
36, 0.0053252126
36, 0.005921627
36, 0.0054100845
37, 0.0052309884
37, 0.005416875
37, 0.0048045837
37, 0.0046406877
37, 0.0048068175
37, 0.0049360762
37, 0.0046447585
37, 0.004424404
38, 0.0052856845
38, 0.005440251
38, 0.004636177
38, 0.004887714
38, 0.004915833
38, 0.00502717
38, 0.004289949
38, 0.0044982675
39, 0.005891464
39, 0.005791274
39, 0.0052181557
39, 0.0051872903
39, 0.0056030704
39, 0.0058247917
39, 0.0049220263
39, 0.00521293
40, 0.0063924375
40, 0.0069341287
40, 0.005757884
40, 0.006226413
40, 0.006234657
40, 0.0067555676
40, 0.005533679
40, 0.005981444
41, 0.0065667564
41, 0.00629127
41, 0.006074118
41, 0.0059496863
41, 0.006962583
41, 0.006858739
41, 0.006314014
41, 0.0063612666
42, 0.005922466
42, 0.0061052623
42, 0.0059428574
42, 0.006266254
42, 0.0062430277
42, 0.005994771
42, 0.006124124
42, 0.0060164663
43, 0.0065520476
43, 0.0065620374
43, 0.006328388
43, 0.006315604
43, 0.006264953
43, 0.0067299963
43, 0.005960978
43, 0.006403158
44, 0.006898255
44, 0.0073150187
44, 0.0066635977
44, 0.006855474
44, 0.006991082
44, 0.0070570135
44, 0.0068909186
44, 0.0067320825
45, 0.004789247
45, 0.0052184546
45, 0.004732995
45, 0.0050712065
45, 0.004262022
45, 0.0050347084
45, 0.0043930043
45, 0.00507479
46, 0.0057335747
46, 0.0056335926
46, 0.0053231246
46, 0.0054428503
46, 0.0059117824
46, 0.0058744256
46, 0.005603508
46, 0.005785922
47, 0.0051748077
47, 0.0046568043
47, 0.0051056584
47, 0.0045564678
47, 0.0056215944
47, 0.005414161
47, 0.00566555
47, 0.0054268767
48, 0.0038327996
48, 0.0033122853
48, 0.003972515
48, 0.0034288068
48, 0.0048628557
48, 0.00432378
48, 0.0048888563
48, 0.004326635
49, 0.0030928703
49, 0.0028731027
49, 0.0028490298
49, 0.0025479642
49, 0.003909433
49, 0.0035979894
49, 0.0036258914
49, 0.0032331217
50, 0.0030404807
50, 0.0036865447
50, 0.002932667
50, 0.0036049215
50, 0.003437023
50, 0.0033787847
50, 0.0032432908
50, 0.0032113062
51, 0.00418901
51, 0.004232617
51, 0.0040811487
51, 0.004193365
51, 0.0034228254
51, 0.0037348652
51, 0.0034541502
51, 0.0038348036
52, 0.004103967
52, 0.004354067
52, 0.0038283803
52, 0.0040370813
52, 0.0039891466
52, 0.004134774
52, 0.0036497982
52, 0.0037540158
53, 0.004435803
53, 0.00493353
53, 0.0041694413
53, 0.004580011
53, 0.004024188
53, 0.004397099
53, 0.0037517466
53, 0.004037562
54, 0.0048170877
54, 0.004491917
54, 0.004964934
54, 0.0045564263
54, 0.0040767835
54, 0.003668652
54, 0.0041549327
54, 0.0036635918
55, 0.004421768
55, 0.0042387545
55, 0.004388171
55, 0.004329841
55, 0.0037661172
55, 0.0037244307
55, 0.0035698342
55, 0.0036527782
56, 0.0052175787
56, 0.0049566473
56, 0.0048599215
56, 0.0047347783
56, 0.0055053434
56, 0.0052838
56, 0.0051735016
56, 0.0050877924
57, 0.004740744
57, 0.0048818653
57, 0.004533486
57, 0.004613105
57, 0.0051530926
57, 0.0053307638
57, 0.004861781
57, 0.0049778824
58, 0.0048032743
58, 0.0049689393
58, 0.004791478
58, 0.0049652075
58, 0.0053946315
58, 0.0056982213
58, 0.0052849324
58, 0.0055965674
59, 0.004802861
59, 0.004512678
59, 0.005000776
59, 0.0048571625
59, 0.0053820447
59, 0.0047922255
59, 0.005626145
59, 0.005182913
60, 0.0039233677
60, 0.0034788277
60, 0.0046160114
60, 0.0042441073
60, 0.0039925356
60, 0.0035461262
60, 0.004603972
60, 0.0042302273
61, 0.0032731427
61, 0.0027949319
61, 0.003548798
61, 0.0028922204
61, 0.0033689248
61, 0.0031250324
61, 0.0036822532
61, 0.0032599801
62, 0.002783849
62, 0.0032110682
62, 0.0027121368
62, 0.0031366493
62, 0.0031050125
62, 0.0033006351
62, 0.0030210111
62, 0.0032139327
63, 0.002943749
63, 0.0030712686
63, 0.0030949544
63, 0.003298679
63, 0.0029542868
63, 0.0029713053
63, 0.0030941959
63, 0.0031873928
64, 0.0033108564
64, 0.003749293
64, 0.0032909384
64, 0.0037056108
64, 0.0032123127
64, 0.0037746239
64, 0.0032526157
64, 0.0037911877
65, 0.00469402
65, 0.0049042273
65, 0.0044874623
65, 0.004721669
65, 0.004450692
65, 0.004462854
65, 0.00423173
65, 0.0042679063
66, 0.0052833073
66, 0.005247341
66, 0.0052832486
66, 0.005049837
66, 0.004939301
66, 0.0051732296
66, 0.0050690486
66, 0.0051055537
67, 0.0034946667
67, 0.0034226372
67, 0.0036738291
67, 0.0035062092
67, 0.0037911506
67, 0.00341983
67, 0.0039029454
67, 0.0034360013
68, 0.0036441435
68, 0.0043366393
68, 0.003669863
68, 0.004473678
68, 0.0035109334
68, 0.0042896876
68, 0.0035814461
68, 0.0044715763
69, 0.005171168
69, 0.005681695
69, 0.005167341
69, 0.0056368285
69, 0.005143866
69, 0.005490162
69, 0.005150521
69, 0.005455778
70, 0.006198107
70, 0.006706744
70, 0.006319547
70, 0.0069518103
70, 0.0060512894
70, 0.006727065
70, 0.0060164835
70, 0.0068157483
71, 0.0066649453
71, 0.0061848876
71, 0.0067789825
71, 0.0061357105
71, 0.0065426915
71, 0.0059470967
71, 0.006807294
71, 0.0060483655
72, 0.0054526203
72, 0.0047817975
72, 0.0056730323
72, 0.0052395426
72, 0.0052595236
72, 0.004638305
72, 0.0055285734
72, 0.005144675
73, 0.004251375
73, 0.0039135874
73, 0.004745326
73, 0.004157504
73, 0.0039769234
73, 0.0035612811
73, 0.004405863
73, 0.0037403281
74, 0.0037864724
74, 0.004566122
74, 0.0040154397
74, 0.004789509
74, 0.0034482349
74, 0.004192448
74, 0.0036327336
74, 0.00437131
75, 0.004717146
75, 0.0046584667
75, 0.0050041233
75, 0.004884922
75, 0.004368993
75, 0.0042331554
75, 0.004536507
75, 0.0043401835
76, 0.0047168466
76, 0.0043756445
76, 0.004763774
76, 0.004517584
76, 0.004155053
76, 0.004143172
76, 0.00438886
76, 0.0044719325
77, 0.0043366975
77, 0.0038063684
77, 0.0043436913
77, 0.0038613472
77, 0.0044768252
77, 0.0040836325
77, 0.004495051
77, 0.0041498453
78, 0.005014564
78, 0.0055811894
78, 0.005290505
78, 0.0059853643
78, 0.0054968833
78, 0.006020238
78, 0.0059275874
78, 0.006579347
79, 0.0058151744
79, 0.0063236062
79, 0.006466449
79, 0.007014075
79, 0.00618403
79, 0.0063456097
79, 0.0069118356
79, 0.0071125193
80, 0.0061749006
80, 0.005952875
80, 0.0069005582
80, 0.0068101627
80, 0.0060348506
80, 0.005919313
80, 0.0066315136
80, 0.0066476357
81, 0.0062288116
81, 0.0067549134
81, 0.006732966
81, 0.006921715
81, 0.006088882
81, 0.006618065
81, 0.006567776
81, 0.0067597176
82, 0.006724157
82, 0.006070214
82, 0.00712503
82, 0.0062854253
82, 0.0068176007
82, 0.006150156
82, 0.007129016
82, 0.0062759994
83, 0.005890835
83, 0.0059229443
83, 0.0059619322
83, 0.006306141
83, 0.0058560907
83, 0.0059267343
83, 0.005691376
83, 0.0060737925
84, 0.0057186633
84, 0.005355261
84, 0.0062559736
84, 0.005763095
84, 0.0057221055
84, 0.005666532
84, 0.006427101
84, 0.006241993
85, 0.0050891186
85, 0.004734336
85, 0.0054227225
85, 0.004794306
85, 0.005543567
85, 0.005078951
85, 0.006012604
85, 0.005274186
86, 0.004397165
86, 0.004205306
86, 0.0042595784
86, 0.0040192185
86, 0.004588514
86, 0.0042948523
86, 0.0044757132
86, 0.004133556
87, 0.0043043457
87, 0.0044604954
87, 0.004075056
87, 0.0042822137
87, 0.0045102523
87, 0.0047277436
87, 0.004146206
87, 0.0044146627
88, 0.0045915996
88, 0.0045875143
88, 0.0044613783
88, 0.004770289
88, 0.004948984
88, 0.005042764
88, 0.0048745736
88, 0.0052815136
89, 0.006176925
89, 0.0064560026
89, 0.0062169456
89, 0.006434743
89, 0.0069174613
89, 0.007275581
89, 0.006784117
89, 0.0070808176
90, 0.0067312615
90, 0.0074398746
90, 0.006408464
90, 0.0070736157
90, 0.0075034173
90, 0.007953722
90, 0.007151804
90, 0.007558648
91, 0.007753869
91, 0.00831654
91, 0.0073096766
91, 0.008040072
91, 0.007777591
91, 0.008090711
91, 0.0074431286
91, 0.007924133
92, 0.008498563
92, 0.008615203
92, 0.008620349
92, 0.008868227
92, 0.008139729
92, 0.008199232
92, 0.008326232
92, 0.008516893
93, 0.009106575
93, 0.008690906
93, 0.009204828
93, 0.009217687
93, 0.00886123
93, 0.00860288
93, 0.008993728
93, 0.009163918
94, 0.0084452
94, 0.008866946
94, 0.009767988
94, 0.009810784
94, 0.007980454
94, 0.008261113
94, 0.009173697
94, 0.009075715
95, 0.008756655
95, 0.008221258
95, 0.0092439465
95, 0.008902159
95, 0.008696762
95, 0.00854315
95, 0.009146721
95, 0.009186964
96, 0.007927849
96, 0.0071888473
96, 0.008719349
96, 0.00812345
96, 0.00843811
96, 0.007866467
96, 0.009082472
96, 0.008654178
97, 0.0063899495
97, 0.005656409
97, 0.007714629
97, 0.0067432635
97, 0.0069227973
97, 0.006054546
97, 0.008294297
97, 0.0071879583
98, 0.005195081
98, 0.0048939516
98, 0.0061183525
98, 0.0058057886
98, 0.005575067
98, 0.0054171695
98, 0.0067237113
98, 0.0065544713
99, 0.005038816
99, 0.0056758653
99, 0.0056095943
99, 0.0059155268
99, 0.005804933
99, 0.0063541024
99, 0.0064114383
99, 0.006629185
100, 0.007669175
100, 0.008029026
100, 0.0087885335
100, 0.009128227
100, 0.00720973
100, 0.0073577547
100, 0.008289458
100, 0.008417155
101, 0.0082156565
101, 0.008627987
101, 0.00934075
101, 0.009736099
101, 0.0078286715
101, 0.008704726
101, 0.008848433
101, 0.009707763
102, 0.009015216
102, 0.009814076
102, 0.009824759
102, 0.010373844
102, 0.009078521
102, 0.009532993
102, 0.00994056
102, 0.010145082
103, 0.009941741
103, 0.009597638
103, 0.0104025565
103, 0.009930282
103, 0.009433056
103, 0.00912781
103, 0.009855825
103, 0.009422503
104, 0.009958353
104, 0.010764278
104, 0.010206443
104, 0.010946163
104, 0.009620571
104, 0.010500128
104, 0.009822517
104, 0.010635853
105, 0.012069386
105, 0.012510952
105, 0.01171558
105, 0.012174746
105, 0.01134009
105, 0.011758526
105, 0.011280314
105, 0.011716414
106, 0.0123352185
106, 0.012179298
106, 0.012436622
106, 0.012447376
106, 0.011860146
106, 0.011174711
106, 0.011971242
106, 0.011452336
107, 0.011899611
107, 0.011555898
107, 0.012480727
107, 0.011885522
107, 0.010677533
107, 0.010793948
107, 0.011189206
107, 0.011054598
108, 0.011398397
108, 0.010562821
108, 0.011835468
108, 0.011190599
108, 0.0110648675
108, 0.010612526
108, 0.011465399
108, 0.011203917
109, 0.009826809
109, 0.009327335
109, 0.010373439
109, 0.010148943
109, 0.01027486
109, 0.009772902
109, 0.010882355
109, 0.010655662
110, 0.008416402
110, 0.007778015
110, 0.009314837
110, 0.008758936
110, 0.008657688
110, 0.007710995
110, 0.009469632
110, 0.008605327
111, 0.01126258
111, 0.011358862
111, 0.011172114
111, 0.0112050455
111, 0.011216841
111, 0.011287124
111, 0.011201731
111, 0.011208673
112, 0.011362697
112, 0.011703436
112, 0.01127027
112, 0.0116124125
112, 0.011329888
112, 0.011620433
112, 0.011215521
112, 0.011507456
113, 0.010964449
113, 0.00993607
113, 0.010840888
113, 0.009706785
113, 0.011099096
113, 0.010440882
113, 0.010796864
113, 0.0100329835
114, 0.009426597
114, 0.009282243
114, 0.008908493
114, 0.0089257695
114, 0.009869743
114, 0.009564744
114, 0.009446557
114, 0.009303245
115, 0.009519934
115, 0.010079913
115, 0.009400836
115, 0.010014768
115, 0.0097099785
115, 0.010050419
115, 0.009595431
115, 0.009989845
116, 0.010414764
116, 0.010441501
116, 0.01033941
116, 0.010382288
116, 0.0102858115
116, 0.01031794
116, 0.010209801
116, 0.010258068
117, 0.010610128
117, 0.010933346
117, 0.010447324
117, 0.010721741
117, 0.010572647
117, 0.0109434435
117, 0.010341064
117, 0.01066302
118, 0.011464617
118, 0.011440991
118, 0.010979731
118, 0.011251818
118, 0.0112700835
118, 0.011191593
118, 0.010981708
118, 0.011198829
119, 0.012177309
119, 0.012417442
119, 0.012409728
119, 0.012519261
119, 0.012004767
119, 0.012374293
119, 0.012121571
119, 0.012360652
120, 0.012082708
120, 0.011877026
120, 0.012015862
120, 0.011698363
120, 0.012428396
120, 0.011967255
120, 0.012364271
120, 0.011791242
121, 0.011166225
121, 0.010982962
121, 0.011258628
121, 0.011004392
121, 0.010951939
121, 0.010983084
121, 0.011056683
121, 0.011016859
122, 0.011045281
122, 0.010675317
122, 0.011024786
122, 0.01054095
122, 0.010663268
122, 0.010897945
122, 0.010574144
122, 0.010694957
123, 0.009969641
123, 0.009312737
123, 0.009636878
123, 0.008923392
123, 0.010595741
123, 0.009795286
123, 0.010382248
123, 0.009525129
124, 0.00860867
124, 0.009040991
124, 0.008498302
124, 0.008957891
124, 0.009153212
124, 0.009940448
124, 0.008992792
124, 0.009807227
125, 0.00904572
125, 0.008869286
125, 0.008815184
125, 0.008818362
125, 0.009631582
125, 0.009034416
125, 0.009431355
125, 0.009013846
126, 0.009135257
126, 0.009770536
126, 0.008984468
126, 0.009495582
126, 0.009097944
126, 0.009665483
126, 0.008970195
126, 0.009413631
127, 0.010072325
127, 0.009824008
127, 0.00972156
127, 0.009537169
127, 0.009870629
127, 0.009390815
127, 0.009498391
127, 0.009082534
128, 0.009380722
128, 0.008420673
128, 0.0091838455
128, 0.008265289
128, 0.00911441
128, 0.008153758
128, 0.009100262
128, 0.008180776
129, 0.008629083
129, 0.0094724195
129, 0.008488295
129, 0.009118741
129, 0.00836922
129, 0.00860511
129, 0.00830406
129, 0.008327081
130, 0.009937175
130, 0.009514271
130, 0.009380728
130, 0.00935774
130, 0.008491162
130, 0.0079513155
130, 0.0075404
130, 0.0073999194
131, 0.00966452
131, 0.011103477
131, 0.009370684
131, 0.010619451
131, 0.007983645
131, 0.01000859
131, 0.0078786835
131, 0.009714057
132, 0.011545654
132, 0.01103186
132, 0.01144738
132, 0.010918494
132, 0.010655363
132, 0.010184394
132, 0.010472164
132, 0.009986242
133, 0.0095072575
133, 0.009131122
133, 0.009036679
133, 0.008570565
133, 0.009612863
133, 0.008856718
133, 0.009191084
133, 0.008345062
134, 0.008287875
134, 0.0073405625
134, 0.00829838
134, 0.007113857
134, 0.008347113
134, 0.0077519934
134, 0.008003113
134, 0.0071710777
135, 0.0070747035
135, 0.008023334
135, 0.0065345
135, 0.00760426
135, 0.007298278
135, 0.0077016354
135, 0.006758385
135, 0.007283089
136, 0.008245829
136, 0.008672862
136, 0.007909181
136, 0.008397053
136, 0.007749675
136, 0.008583034
136, 0.00756339
136, 0.008457673
137, 0.008879636
137, 0.0090913335
137, 0.008879265
137, 0.00923048
137, 0.008806517
137, 0.008866169
137, 0.008840246
137, 0.009039378
138, 0.009188808
138, 0.00874468
138, 0.009148446
138, 0.008437421
138, 0.00883941
138, 0.008360252
138, 0.0088124275
138, 0.008066521
139, 0.00841776
139, 0.00796236
139, 0.008122136
139, 0.008057288
139, 0.00870794
139, 0.008732611
139, 0.008372579
139, 0.008788226
140, 0.007929222
140, 0.00780268
140, 0.007840352
140, 0.007821505
140, 0.008706039
140, 0.007892344
140, 0.008577049
140, 0.0078712255
141, 0.0077806874
141, 0.0077792467
141, 0.007800164
141, 0.0074850153
141, 0.0068104337
141, 0.0070336247
141, 0.006962745
141, 0.006872699
142, 0.007859673
142, 0.009040613
142, 0.0075583053
142, 0.008455134
142, 0.0075048404
142, 0.008408834
142, 0.0070713717
142, 0.007691385
143, 0.009859706
143, 0.009442762
143, 0.008981684
143, 0.008936753
143, 0.009065451
143, 0.009261149
143, 0.008370015
143, 0.0089371
144, 0.006692157
144, 0.005930161
144, 0.006375329
144, 0.0057340274
144, 0.0065614632
144, 0.005772941
144, 0.0062491586
144, 0.005581305
145, 0.006542635
145, 0.006428364
145, 0.0061288555
145, 0.0060094413
145, 0.0060993694
145, 0.006040432
145, 0.005445218
145, 0.005381365
146, 0.006016126
146, 0.0064082933
146, 0.005993523
146, 0.0062393253
146, 0.0060893153
146, 0.0063068643
146, 0.0062031574
146, 0.006274418
147, 0.006521506
147, 0.007093876
147, 0.006224183
147, 0.0063926876
147, 0.0063414094
147, 0.006835205
147, 0.0059978156
147, 0.0060877083
148, 0.007209592
148, 0.0069868616
148, 0.0063287076
148, 0.006196819
148, 0.0069275745
148, 0.0071635563
148, 0.006200233
148, 0.00652691
149, 0.006870868
149, 0.00699026
149, 0.0065584998
149, 0.0070525547
149, 0.0070753223
149, 0.0071050352
149, 0.006855389
149, 0.0072597708
150, 0.0074193594
150, 0.0079268515
150, 0.007515985
150, 0.007994877
150, 0.0077584363
150, 0.008059741
150, 0.0076585365
150, 0.007931098
151, 0.0077465256
151, 0.0072390125
151, 0.00796248
151, 0.00720329
151, 0.007913566
151, 0.007624407
151, 0.0077905883
151, 0.0072499155
152, 0.007367191
152, 0.0077740774
152, 0.006902085
152, 0.007764239
152, 0.007378607
152, 0.0076515838
152, 0.007255295
152, 0.007983957
153, 0.007638744
153, 0.0072217784
153, 0.007853465
153, 0.007461064
153, 0.0075118686
153, 0.007384366
153, 0.0077703814
153, 0.0076674796
154, 0.006851777
154, 0.0068766917
154, 0.0069311177
154, 0.006724267
154, 0.007153625
154, 0.006867127
154, 0.007284087
154, 0.006765797
155, 0.006877431
155, 0.006539333
155, 0.006659209
155, 0.0064235954
155, 0.006989479
155, 0.006486528
155, 0.0068479115
155, 0.006447432
156, 0.00670533
156, 0.006227265
156, 0.0068248734
156, 0.0064535607
156, 0.006062774
156, 0.005764958
156, 0.006359194
156, 0.006167825
157, 0.0057924488
157, 0.005608437
157, 0.0058946405
157, 0.0054546003
157, 0.006413084
157, 0.0065730205
157, 0.006341092
157, 0.0062447134
158, 0.0049230815
158, 0.004261607
158, 0.004816267
158, 0.0045397473
158, 0.005764564
158, 0.0047419737
158, 0.005807734
158, 0.005170372
159, 0.0042802515
159, 0.004702133
159, 0.0043646684
159, 0.004391259
159, 0.004718629
159, 0.0053021307
159, 0.0047341865
159, 0.0049220785
160, 0.0055062203
160, 0.0062374165
160, 0.004855836
160, 0.005666053
160, 0.005990261
160, 0.0067644785
160, 0.0052709053
160, 0.006124067
161, 0.0066728513
161, 0.007128295
161, 0.0060569965
161, 0.0065679178
161, 0.0071109296
161, 0.0074047595
161, 0.006471092
161, 0.0068204603
162, 0.0073994645
162, 0.006984114
162, 0.0069403136
162, 0.0065403297
162, 0.0074825166
162, 0.007119093
162, 0.007030658
162, 0.00668257
163, 0.0065623587
163, 0.0068544135
163, 0.0062373397
163, 0.0062612607
163, 0.0073325355
163, 0.008056462
163, 0.006834864
163, 0.007289992
164, 0.0069752475
164, 0.0074438546
164, 0.0060618715
164, 0.0065199593
164, 0.0077561405
164, 0.007575154
164, 0.0070213075
164, 0.0068302145
165, 0.0074536977
165, 0.00716064
165, 0.006895657
165, 0.0067894016
165, 0.007456554
165, 0.0072896993
165, 0.0068173697
165, 0.0068372707
166, 0.004815709
166, 0.005656191
166, 0.0048796185
166, 0.005671252
166, 0.005684953
166, 0.0064997473
166, 0.0056432677
166, 0.0064091403
167, 0.0064637107
167, 0.0061210254
167, 0.006172245
167, 0.0059464835
167, 0.006681336
167, 0.0056467713
167, 0.0065411795
167, 0.0056234295
168, 0.005639238
168, 0.005426629
168, 0.0055824276
168, 0.005518159
168, 0.005297049
168, 0.005140389
168, 0.0052639074
168, 0.0052555744
169, 0.00521212
169, 0.0052680075
169, 0.0051972424
169, 0.0052353595
169, 0.0054017627
169, 0.0060974406
169, 0.005123941
169, 0.005801544
170, 0.004883208
170, 0.004073635
170, 0.004759389
170, 0.0040149335
170, 0.005677197
170, 0.004559608
170, 0.0055980114
170, 0.004545545
171, 0.0036702184
171, 0.0037482264
171, 0.003736278
171, 0.00359947
171, 0.0039521675
171, 0.0042833826
171, 0.0040766913
171, 0.004193058
172, 0.0038524538
172, 0.004392684
172, 0.0037735666
172, 0.0041869427
172, 0.0044695307
172, 0.005077074
172, 0.004307817
172, 0.004788428
173, 0.0046571735
173, 0.0042450777
173, 0.0040837904
173, 0.00387981
173, 0.005350994
173, 0.004852603
173, 0.0050413935
173, 0.004751116
174, 0.0039349934
174, 0.004197082
174, 0.0037762453
174, 0.0040750075
174, 0.00457116
174, 0.0045791552
174, 0.0045135864
174, 0.004558359
175, 0.0038786212
175, 0.003669764
175, 0.004124442
175, 0.0038697757
175, 0.0043259496
175, 0.004457533
175, 0.0043847603
175, 0.0044705714
176, 0.0039153174
176, 0.004124091
176, 0.0038802742
176, 0.003968296
176, 0.0046054116
176, 0.004823517
176, 0.00456473
176, 0.004662055
177, 0.0056259423
177, 0.0054375427
177, 0.005482205
177, 0.005234675
177, 0.005372887
177, 0.0054058935
177, 0.0051829126
177, 0.0051568006
178, 0.005473754
178, 0.005658588
178, 0.0052706944
178, 0.0057410877
178, 0.0056722295
178, 0.006080407
178, 0.0056422306
178, 0.0063362243
179, 0.005823985
179, 0.00613566
179, 0.0061232327
179, 0.006159405
179, 0.006429132
179, 0.0066185277
179, 0.006780009
179, 0.0066936747
180, 0.005830567
180, 0.0053970325
180, 0.0060388837
180, 0.0055161263
180, 0.0060528535
180, 0.0055581164
180, 0.006250483
180, 0.005666519
181, 0.00455281
181, 0.003960443
181, 0.0046898345
181, 0.00415679
181, 0.0049020518
181, 0.004341261
181, 0.0048515014
181, 0.0043502087
182, 0.0037559145
182, 0.0035816368
182, 0.003747166
182, 0.0036336028
182, 0.003947578
182, 0.003566334
182, 0.0038603367
182, 0.0035398193
183, 0.0035000572
183, 0.0035564671
183, 0.0035022437
183, 0.003609991
183, 0.0033478616
183, 0.0036433246
183, 0.003489793
183, 0.0038366425
184, 0.0031732698
184, 0.0030094574
184, 0.003385135
184, 0.0032900048
184, 0.00375985
184, 0.0036214315
184, 0.003875199
184, 0.0038055163
185, 0.0032202678
185, 0.0039692903
185, 0.003345287
185, 0.0039955257
185, 0.0037697214
185, 0.0044423477
185, 0.0038663682
185, 0.004440105
186, 0.0045960764
186, 0.004613465
186, 0.004385655
186, 0.0043783737
186, 0.00469067
186, 0.0045420974
186, 0.0046444964
186, 0.0044712275
187, 0.0049155797
187, 0.005148935
187, 0.0050291345
187, 0.005284497
187, 0.0046760645
187, 0.0048016296
187, 0.0047079315
187, 0.004855488
188, 0.0043221554
188, 0.0035886762
188, 0.004259262
188, 0.0034625847
188, 0.0043454794
188, 0.0037890393
188, 0.0043783854
188, 0.003758642
189, 0.0038433704
189, 0.004981338
189, 0.0036156971
189, 0.0045390795
189, 0.0044468665
189, 0.0057520857
189, 0.004069859
189, 0.005160099
190, 0.0058145267
190, 0.0058074105
190, 0.0051962533
190, 0.005488321
190, 0.006599986
190, 0.0065028896
190, 0.005852549
190, 0.006054886
191, 0.0061273384
191, 0.0067072655
191, 0.0059846523
191, 0.0067332573
191, 0.0064695487
191, 0.006667497
191, 0.006461275
191, 0.006828046
192, 0.0063108336
192, 0.0056608156
192, 0.0067501334
192, 0.006192642
192, 0.006173303
192, 0.005712263
192, 0.0067895525
192, 0.0064210305
193, 0.005022539
193, 0.004697042
193, 0.005625775
193, 0.0052569136
193, 0.0051078936
193, 0.004765529
193, 0.0057437774
193, 0.0053580366
194, 0.0041280654
194, 0.003605672
194, 0.004419637
194, 0.003644802
194, 0.004284757
194, 0.003737394
194, 0.0044830777
194, 0.0036833468
195, 0.0034350555
195, 0.0039213425
195, 0.0034411445
195, 0.0038912573
195, 0.0035313931
195, 0.0038161227
195, 0.0033549943
195, 0.003603478
196, 0.0039557177
196, 0.0038914722
196, 0.0039224424
196, 0.0037752823
196, 0.0039213984
196, 0.0039698794
196, 0.0038545711
196, 0.0038201062
197, 0.003966978
197, 0.004158635
197, 0.004067575
197, 0.004370022
197, 0.004046957
197, 0.0042523225
197, 0.004063404
197, 0.004379566
198, 0.0045991126
198, 0.004506514
198, 0.0045483066
198, 0.00447577
198, 0.004430211
198, 0.0043935343
198, 0.0046122363
198, 0.00459558
199, 0.0055973222
199, 0.005790366
199, 0.005849079
199, 0.0064761806
199, 0.0052157026
199, 0.0049912
199, 0.0053027878
199, 0.005511819
200, 0.0056281085
200, 0.005430101
200, 0.0065403646
200, 0.006279162
200, 0.0046120575
200, 0.0043676095
200, 0.0053884136
200, 0.0050808345
201, 0.0051471577
201, 0.005325798
201, 0.005759852
201, 0.006049515
201, 0.0041931686
201, 0.0045305844
201, 0.0048127063
201, 0.005261146
202, 0.005570278
202, 0.0062149693
202, 0.0061042323
202, 0.0062881154
202, 0.005202354
202, 0.006162642
202, 0.005947128
202, 0.00644649
203, 0.006712709
203, 0.006470151
203, 0.006796774
203, 0.0064617423
203, 0.00680847
203, 0.0069107185
203, 0.006763051
203, 0.006772825
204, 0.0062737004
204, 0.0061566904
204, 0.006011421
204, 0.0061122975
204, 0.0066398755
204, 0.006340889
204, 0.006500446
204, 0.006419471
205, 0.0057746638
205, 0.005640336
205, 0.006432503
205, 0.006381441
205, 0.0055827177
205, 0.0049135643
205, 0.0062404596
205, 0.005654247
206, 0.005355381
206, 0.0049263104
206, 0.0062066684
206, 0.005830866
206, 0.004555483
206, 0.0045869476
206, 0.005484655
206, 0.005569673
207, 0.004583124
207, 0.0042634066
207, 0.0051588425
207, 0.00468762
207, 0.004677068
207, 0.004414224
207, 0.005157919
207, 0.0047436394
208, 0.0045247297
208, 0.0048458693
208, 0.00468651
208, 0.0049327235
208, 0.0046928814
208, 0.0050893486
208, 0.004985843
208, 0.005307398
209, 0.0051554204
209, 0.005257313
209, 0.0053129755
209, 0.0053586327
209, 0.005429223
209, 0.0052999407
209, 0.005560455
209, 0.005374904
210, 0.006939748
210, 0.0074513378
210, 0.0071980734
210, 0.007454667
210, 0.006395906
210, 0.0067440546
210, 0.00671363
210, 0.0068070553
211, 0.0076939254
211, 0.007708617
211, 0.0075104265
211, 0.0073823524
211, 0.006995405
211, 0.007147061
211, 0.00693996
211, 0.0069489074
212, 0.0075456565
212, 0.00801846
212, 0.0073159123
212, 0.007941756
212, 0.0074121356
212, 0.008124728
212, 0.0073866905
212, 0.008252695
213, 0.00812205
213, 0.007923692
213, 0.008142447
213, 0.008047014
213, 0.008567053
213, 0.008212716
213, 0.008179834
213, 0.007928862
214, 0.008262861
214, 0.008318072
214, 0.008311831
214, 0.008679308
214, 0.007979549
214, 0.0076763644
214, 0.008096941
214, 0.008105876
215, 0.007832693
215, 0.007977943
215, 0.008750924
215, 0.008590244
215, 0.007425876
215, 0.0079869935
215, 0.008416682
215, 0.008672041
216, 0.008652402
216, 0.008956064
216, 0.0089271
216, 0.009416704
216, 0.008524588
216, 0.008896438
216, 0.008784285
216, 0.00934202
217, 0.009097491
217, 0.008963722
217, 0.009479201
217, 0.009219222
217, 0.00930703
217, 0.009505397
217, 0.009844527
217, 0.009916733
218, 0.008234987
218, 0.0073106373
218, 0.0091044875
218, 0.008196981
218, 0.0089187
218, 0.0081308
218, 0.009841983
218, 0.009070951
219, 0.006910711
219, 0.00657406
219, 0.007806977
219, 0.007235477
219, 0.007945528
219, 0.007522982
219, 0.0086730225
219, 0.008015552
220, 0.0067204344
220, 0.0068106293
220, 0.0069309208
220, 0.0073143058
220, 0.0073085763
220, 0.006831871
220, 0.00736558
220, 0.0071819336
221, 0.0074809673
221, 0.0075365473
221, 0.008094953
221, 0.008157337
221, 0.0076532476
221, 0.007858711
221, 0.008364332
221, 0.008576681
222, 0.008029023
222, 0.00849295
222, 0.008684342
222, 0.009369072
222, 0.008376923
222, 0.008452031
222, 0.009134037
222, 0.009429761
223, 0.008568473
223, 0.0089524295
223, 0.009372489
223, 0.009462959
223, 0.008649517
223, 0.008838785
223, 0.00939265
223, 0.009288122
224, 0.008868781
224, 0.008448558
224, 0.009248159
224, 0.008891134
224, 0.008210844
224, 0.007843295
224, 0.00863055
224, 0.008326133
225, 0.008789874
225, 0.009793087
225, 0.009108481
225, 0.009886637
225, 0.008354891
225, 0.009155884
225, 0.008604814
225, 0.009180748
226, 0.010682234
226, 0.01108749
226, 0.010655747
226, 0.011236052
226, 0.010215502
226, 0.010822657
226, 0.009987733
226, 0.010769834
227, 0.011384311
227, 0.010828166
227, 0.0115679465
227, 0.010663978
227, 0.011108973
227, 0.011188069
227, 0.011412074
227, 0.011143314
228, 0.010432536
228, 0.010760592
228, 0.010464885
228, 0.011088124
228, 0.01131638
228, 0.011519789
228, 0.011416244
228, 0.01191522
229, 0.011204346
229, 0.011127692
229, 0.011759316
229, 0.011703184
229, 0.011691772
229, 0.011634243
229, 0.012138687
229, 0.012101765
230, 0.010659846
230, 0.00940015
230, 0.01126098
230, 0.010319797
230, 0.010815857
230, 0.0088242935
230, 0.011357328
230, 0.009683832
231, 0.008230827
231, 0.007902703
231, 0.0089755785
231, 0.00841236
231, 0.007547949
231, 0.0078041307
231, 0.008366602
231, 0.008388118
232, 0.010868934
232, 0.010916592
232, 0.010913444
232, 0.010927265
232, 0.010371061
232, 0.010441893
232, 0.010417903
232, 0.010454912
233, 0.011008245
233, 0.0112176165
233, 0.010963507
233, 0.011161751
233, 0.010728595
233, 0.011094372
233, 0.010713055
233, 0.01106771
234, 0.01080892
234, 0.010424609
234, 0.010567394
234, 0.01029461
234, 0.010834198
234, 0.010427791
234, 0.010583293
234, 0.010288463
235, 0.009954255
235, 0.009665044
235, 0.009940954
235, 0.009662835
235, 0.009620396
235, 0.009377259
235, 0.00961738
235, 0.009385321
236, 0.009650932
236, 0.009839215
236, 0.009695202
236, 0.009960413
236, 0.009401984
236, 0.009497261
236, 0.00940027
236, 0.009572421
237, 0.009881735
237, 0.00993821
237, 0.009945021
237, 0.009861151
237, 0.009446983
237, 0.0093493685
237, 0.009487274
237, 0.009249398
238, 0.010109384
238, 0.009678887
238, 0.009788884
238, 0.009306928
238, 0.009392154
238, 0.008400261
238, 0.009080741
238, 0.008037545
239, 0.0100372005
239, 0.010851443
239, 0.00960019
239, 0.010291715
239, 0.009048195
239, 0.010485969
239, 0.008620795
239, 0.009935605
240, 0.011817043
240, 0.012125948
240, 0.01120989
240, 0.011504436
240, 0.011129043
240, 0.011036654
240, 0.010724414
240, 0.010617704
241, 0.011952499
241, 0.011375376
241, 0.01145017
241, 0.011284874
241, 0.010808415
241, 0.010829923
241, 0.0102314465
241, 0.010664075
242, 0.010578662
242, 0.010633465
242, 0.01089295
242, 0.010712631
242, 0.010293765
242, 0.010133097
242, 0.010500355
242, 0.010104769
243, 0.01042676
243, 0.0108207045
243, 0.010619996
243, 0.010748882
243, 0.009705295
243, 0.009837355
243, 0.009993198
243, 0.009860575
244, 0.010668354
244, 0.009435425
244, 0.010556983
244, 0.009405183
244, 0.009612664
244, 0.008338661
244, 0.009342597
244, 0.008149797
245, 0.008657051
245, 0.009108933
245, 0.008618113
245, 0.008814927
245, 0.007978456
245, 0.0077818506
245, 0.0077755945
245, 0.0073242006
246, 0.008748992
246, 0.008193599
246, 0.008320101
246, 0.007687366
246, 0.0073798583
246, 0.0070217634
246, 0.0070578437
246, 0.006622312
247, 0.008023107
247, 0.008557355
247, 0.00742769
247, 0.008293424
247, 0.006839767
247, 0.007306656
247, 0.006208381
247, 0.0070066266
248, 0.008650804
248, 0.007895938
248, 0.0084639145
248, 0.007859649
248, 0.0074221855
248, 0.006956904
248, 0.007240007
248, 0.006925252
249, 0.007752198
249, 0.007504958
249, 0.00811864
249, 0.007851785
249, 0.0066624153
249, 0.0069176797
249, 0.007099786
249, 0.007335591
250, 0.007737735
250, 0.007550506
250, 0.007898471
250, 0.007822204
250, 0.007503884
250, 0.007685381
250, 0.007326409
250, 0.0076188454
251, 0.007520093
251, 0.007045006
251, 0.00706976
251, 0.006546472
251, 0.008113318
251, 0.0077514006
251, 0.007784578
251, 0.007374319
252, 0.0071098534
252, 0.00890738
252, 0.007104555
252, 0.008686874
252, 0.0077685514
252, 0.008892689
252, 0.0079033
252, 0.008812301
253, 0.009603218
253, 0.009878814
253, 0.009472167
253, 0.009953778
253, 0.009125526
253, 0.009621988
253, 0.009154104
253, 0.009856729
254, 0.010138375
254, 0.009199648
254, 0.009635041
254, 0.00883273
254, 0.010108436
254, 0.009296154
254, 0.009779225
254, 0.009103048
255, 0.008708131
255, 0.008080614
255, 0.008535874
255, 0.007866931
255, 0.008506295
255, 0.0077245897
255, 0.008562429
255, 0.0077391206
256, 0.0075264676
256, 0.0070155417
256, 0.0074014724
256, 0.0068071377
256, 0.0076678097
256, 0.007081442
256, 0.007545483
256, 0.0068757073
257, 0.006764505
257, 0.007198766
257, 0.006757371
257, 0.007370067
257, 0.006881168
257, 0.0063230055
257, 0.006742356
257, 0.006362693
258, 0.007272995
258, 0.007980729
258, 0.0075590587
258, 0.008164626
258, 0.0059787603
258, 0.007109391
258, 0.006252341
258, 0.0072808587
259, 0.008052801
259, 0.007684427
259, 0.00803836
259, 0.00783422
259, 0.0074179918
259, 0.007443181
259, 0.007232488
259, 0.0074218903
260, 0.008344282
260, 0.008780375
260, 0.008414685
260, 0.00856874
260, 0.007998875
260, 0.008532303
260, 0.008080062
260, 0.008331577
261, 0.008754704
261, 0.0077985204
261, 0.008263769
261, 0.0075073214
261, 0.008105713
261, 0.0070642107
261, 0.007949827
261, 0.0071077347
262, 0.0066953762
262, 0.0066393455
262, 0.006605825
262, 0.0066149267
262, 0.00667611
262, 0.006745957
262, 0.006351675
262, 0.0064866757
263, 0.0071736234
263, 0.0078947
263, 0.006972588
263, 0.0075344737
263, 0.007620771
263, 0.008622744
263, 0.0072102305
263, 0.008052614
264, 0.008640115
264, 0.009798107
264, 0.008380943
264, 0.009464346
264, 0.009231059
264, 0.010251787
264, 0.00898365
264, 0.009929778
265, 0.006662711
265, 0.0063663237
265, 0.0060448064
265, 0.006044603
265, 0.006670389
265, 0.006971906
265, 0.0061021945
265, 0.0066997753
266, 0.0067452015
266, 0.006999669
266, 0.006180622
266, 0.006629693
266, 0.007587743
266, 0.008002372
266, 0.0075437375
266, 0.008153256
267, 0.0070817047
267, 0.006254617
267, 0.007493035
267, 0.006598941
267, 0.008141579
267, 0.007195497
267, 0.008439046
267, 0.007426098
268, 0.006267685
268, 0.006984375
268, 0.0064851227
268, 0.0072632222
268, 0.0075787045
268, 0.00857822
268, 0.007828662
268, 0.0088898195
269, 0.0071158516
269, 0.0074668746
269, 0.0074744453
269, 0.007676582
269, 0.008486172
269, 0.008336154
269, 0.00860751
269, 0.008308261
270, 0.0073910146
270, 0.007710073
270, 0.007763816
270, 0.008021264
270, 0.0077277273
270, 0.0078136
270, 0.007904106
270, 0.0079283025
271, 0.008144741
271, 0.007643735
271, 0.008025427
271, 0.0076815435
271, 0.008076475
271, 0.0073681525
271, 0.007827987
271, 0.0072768615
272, 0.007484192
272, 0.0075688823
272, 0.007584874
272, 0.0074590556
272, 0.007209105
272, 0.0073308665
272, 0.007251125
272, 0.007162458
273, 0.007163731
273, 0.0072916322
273, 0.0074777263
273, 0.0077051404
273, 0.006824185
273, 0.006741638
273, 0.0071874755
273, 0.0072043366
274, 0.007258522
274, 0.007229351
274, 0.00741874
274, 0.007398226
274, 0.006935487
274, 0.006940218
274, 0.0073263543
274, 0.0073397383
275, 0.007177161
275, 0.0069776173
275, 0.007015323
275, 0.0064857844
275, 0.0069345096
275, 0.006894572
275, 0.006624236
275, 0.00625427
276, 0.006467192
276, 0.0062781526
276, 0.006800841
276, 0.006220969
276, 0.0060627963
276, 0.0059607467
276, 0.006337321
276, 0.0058445954
277, 0.0060962527
277, 0.0063831317
277, 0.0060044606
277, 0.0062994366
277, 0.0062721255
277, 0.0066909445
277, 0.0056015872
277, 0.0060282084
278, 0.007409868
278, 0.007112256
278, 0.006993723
278, 0.006671836
278, 0.0073251636
278, 0.0074642403
278, 0.006944559
278, 0.007059196
279, 0.0068178875
279, 0.006642151
279, 0.0067768083
279, 0.006625605
279, 0.008121011
279, 0.008843649
279, 0.007984656
279, 0.0087317405
280, 0.006541647
280, 0.0069476357
280, 0.00615981
280, 0.006570833
280, 0.00848535
280, 0.008378383
280, 0.008322988
280, 0.008221239
281, 0.007284184
281, 0.0076073506
281, 0.006703578
281, 0.00704635
281, 0.008073722
281, 0.007694339
281, 0.007739585
281, 0.0073800273
282, 0.007540412
282, 0.0074041793
282, 0.007098914
282, 0.007236183
282, 0.0074421265
282, 0.0071593574
282, 0.0073683807
282, 0.0073590893
283, 0.007530878
283, 0.007597009
283, 0.0074702483
283, 0.0075408793
283, 0.0073586483
283, 0.0076382402
283, 0.007361496
283, 0.007645587
284, 0.008031104
284, 0.008485109
284, 0.007857569
284, 0.008252187
284, 0.0081975935
284, 0.008657205
284, 0.007911814
284, 0.008311991
285, 0.008051401
285, 0.0075761587
285, 0.007987098
285, 0.0075284634
285, 0.008661702
285, 0.008117125
285, 0.008269404
285, 0.0077415784
286, 0.0070267934
286, 0.006765451
286, 0.0071835783
286, 0.0070444625
286, 0.00708193
286, 0.0064793015
286, 0.0074791117
286, 0.006998541
287, 0.0066404543
287, 0.0070237583
287, 0.006658582
287, 0.0073984233
287, 0.0069467355
287, 0.006676857
287, 0.0067780963
287, 0.0068644686
288, 0.0069480147
288, 0.00610877
288, 0.0074692937
288, 0.006271717
288, 0.0064777704
288, 0.0064198356
288, 0.0071615083
288, 0.006745521
289, 0.005918209
289, 0.005484063
289, 0.0058850106
289, 0.0058472357
289, 0.006736231
289, 0.0064063226
289, 0.0067082047
289, 0.0067748046
290, 0.0059250896
290, 0.0067239194
290, 0.0057807923
290, 0.0062610405
290, 0.007000184
290, 0.007312597
290, 0.006886566
290, 0.006880198
291, 0.0062509095
291, 0.0055443835
291, 0.005928194
291, 0.005144574
291, 0.006744094
291, 0.006248205
291, 0.006378979
291, 0.0058058957
292, 0.0051937434
292, 0.005518819
292, 0.004978368
292, 0.0052600875
292, 0.005973538
292, 0.0066508004
292, 0.0057973103
292, 0.0064311456
293, 0.005849541
293, 0.006428012
293, 0.005553747
293, 0.006193227
293, 0.0072517376
293, 0.007549427
293, 0.006870504
293, 0.007229266
294, 0.0064355396
294, 0.0061613894
294, 0.00633491
294, 0.005984458
294, 0.0071909744
294, 0.0070322994
294, 0.0071756495
294, 0.00694058
295, 0.005786914
295, 0.0054453323
295, 0.0055012982
295, 0.0051569166
295, 0.006432459
295, 0.0058210725
295, 0.006304357
295, 0.0056901686
296, 0.0052213473
296, 0.0055674277
296, 0.004913405
296, 0.005366804
296, 0.0056583495
296, 0.0060816268
296, 0.0054116384
296, 0.0059422883
297, 0.0058609885
297, 0.006024287
297, 0.0056511387
297, 0.0057689827
297, 0.006756849
297, 0.00697011
297, 0.0063191624
297, 0.006486914
298, 0.0057234857
298, 0.0062832744
298, 0.005410469
298, 0.005813463
298, 0.0056386134
298, 0.0065026227
298, 0.005453313
298, 0.0061606434
299, 0.0067326585
299, 0.006541506
299, 0.0064005824
299, 0.0064337812
299, 0.0070931055
299, 0.0064281356
299, 0.0066042687
299, 0.006163796
300, 0.0067718886
300, 0.0070463954
300, 0.006832254
300, 0.0071172863
300, 0.0065090824
300, 0.0068472815
300, 0.0065047923
300, 0.0068534776
301, 0.0065130414
301, 0.0057925517
301, 0.006819852
301, 0.006082719
301, 0.006804599
301, 0.0064461124
301, 0.0070633064
301, 0.006688274
302, 0.005350117
302, 0.005074576
302, 0.0054792734
302, 0.005191586
302, 0.0061502005
302, 0.0060040164
302, 0.0063962983
302, 0.0062379497
303, 0.004741287
303, 0.00432445
303, 0.0047221226
303, 0.0043533593
303, 0.0056892987
303, 0.005377442
303, 0.0056539164
303, 0.00539018
304, 0.0040752366
304, 0.0046147513
304, 0.0042450847
304, 0.0045615016
304, 0.005189789
304, 0.005596201
304, 0.0053374777
304, 0.005520534
305, 0.0046934327
305, 0.004315017
305, 0.004389127
305, 0.0041122306
305, 0.005470379
305, 0.004855902
305, 0.0051506395
305, 0.004637801
306, 0.0043072538
306, 0.004715358
306, 0.00412116
306, 0.0045546684
306, 0.004642836
306, 0.0048591974
306, 0.004500641
306, 0.004742453
307, 0.004814139
307, 0.0049129114
307, 0.004704078
307, 0.004725103
307, 0.004942812
307, 0.005197515
307, 0.0048703393
307, 0.005047274
308, 0.004991147
308, 0.0050920304
308, 0.0048013316
308, 0.0049777613
308, 0.0052266647
308, 0.0052418676
308, 0.005034091
308, 0.005124853
309, 0.0049262666
309, 0.0048094303
309, 0.0048174695
309, 0.0046941177
309, 0.004963817
309, 0.00526582
309, 0.004762338
309, 0.0050577754
310, 0.0055108867
310, 0.006303114
310, 0.005234438
310, 0.0061223633
310, 0.005980892
310, 0.0065079476
310, 0.0060001947
310, 0.0066230916
311, 0.006935505
311, 0.007108542
311, 0.0065831197
311, 0.0067963586
311, 0.0070292614
311, 0.006929389
311, 0.0068607144
311, 0.006801165
312, 0.006994727
312, 0.0068712714
312, 0.00693936
312, 0.006815407
312, 0.007067249
312, 0.007264393
312, 0.0068611703
312, 0.0070578344
313, 0.0065057427
313, 0.006369666
313, 0.006905357
313, 0.007045915
313, 0.007246595
313, 0.0072754496
313, 0.00743627
313, 0.00774192
314, 0.005777188
314, 0.0053012893
314, 0.0064527537
314, 0.005808675
314, 0.0065352395
314, 0.005878953
314, 0.007293876
314, 0.0064691287
315, 0.0048453417
315, 0.004191017
315, 0.004897688
315, 0.004092062
315, 0.005448797
315, 0.0048891297
315, 0.005566031
315, 0.004854865
316, 0.003922984
316, 0.004034038
316, 0.0037567727
316, 0.003952679
316, 0.0045760893
316, 0.004615615
316, 0.004492072
316, 0.004616546
317, 0.0040613688
317, 0.0041970825
317, 0.0041693123
317, 0.0042189765
317, 0.0046391003
317, 0.0048944172
317, 0.004682043
317, 0.0048512593
318, 0.0043407837
318, 0.00457036
318, 0.0044422997
318, 0.004605005
318, 0.004975027
318, 0.004946612
318, 0.005006744
318, 0.004911421
319, 0.0047021005
319, 0.004765755
319, 0.004810451
319, 0.004857972
319, 0.004809205
319, 0.0048020356
319, 0.0047962507
319, 0.004772942
320, 0.0053454246
320, 0.005172014
320, 0.0053717094
320, 0.005343826
320, 0.0055426955
320, 0.0053982865
320, 0.0058686496
320, 0.0058698347
321, 0.0049295262
321, 0.0048417244
321, 0.0051128347
321, 0.0050299843
321, 0.0056814887
321, 0.0061460948
321, 0.005685784
321, 0.0061553353
322, 0.0047007585
322, 0.0047910004
322, 0.0048220647
322, 0.004618631
322, 0.006032237
322, 0.005559798
322, 0.006242968
322, 0.0054764836
323, 0.005265439
323, 0.0058863875
323, 0.005250754
323, 0.005953687
323, 0.0054991683
323, 0.0057797614
323, 0.0056248573
323, 0.005987437
324, 0.0066648154
324, 0.0073722596
324, 0.006412911
324, 0.007096213
324, 0.0064427224
324, 0.007169266
324, 0.006093853
324, 0.006796116
325, 0.007189502
325, 0.0066262614
325, 0.0069424813
325, 0.0063677104
325, 0.0073639173
325, 0.007123711
325, 0.007004229
325, 0.006752513
326, 0.0057549817
326, 0.0048908046
326, 0.006041833
326, 0.0054489993
326, 0.006355265
326, 0.005291642
326, 0.0065978006
326, 0.0058057155
327, 0.0044309767
327, 0.0046956185
327, 0.0051719784
327, 0.00535948
327, 0.0046954555
327, 0.005017337
327, 0.005242196
327, 0.0054868655
328, 0.0049093035
328, 0.004785596
328, 0.005154015
328, 0.005095251
328, 0.0051842825
328, 0.005172723
328, 0.00554734
328, 0.0056007765
329, 0.00508168
329, 0.005306026
329, 0.005434983
329, 0.00559467
329, 0.005331167
329, 0.0053519816
329, 0.0055699097
329, 0.005526061
330, 0.005632457
330, 0.00553753
330, 0.005841628
330, 0.0056483294
330, 0.0055398014
330, 0.0056582605
330, 0.005844785
330, 0.005864921
331, 0.0064489725
331, 0.006485842
331, 0.0068169734
331, 0.00680722
331, 0.0071281525
331, 0.006815404
331, 0.007547303
331, 0.0071878135
332, 0.0064392257
332, 0.0065856446
332, 0.0067395894
332, 0.0067875735
332, 0.0061446144
332, 0.0059228498
332, 0.006440939
332, 0.006120743
333, 0.006996313
333, 0.0072088316
333, 0.0073295366
333, 0.007657112
333, 0.0066015855
333, 0.007025447
333, 0.006733437
333, 0.0072724186
334, 0.007885237
334, 0.007980204
334, 0.0077633313
334, 0.008089437
334, 0.0078281835
334, 0.008053871
334, 0.0078748325
334, 0.008331908
335, 0.0076183598
335, 0.0073915985
335, 0.008028892
335, 0.0072382675
335, 0.00738109
335, 0.007053456
335, 0.0079593435
335, 0.007067927
336, 0.0072789486
336, 0.0076816464
336, 0.007529945
336, 0.008335482
336, 0.0070962994
336, 0.0076651466
336, 0.00724836
336, 0.008219905
337, 0.008114146
337, 0.008636288
337, 0.00858489
337, 0.009204872
337, 0.008184244
337, 0.008228089
337, 0.008689541
337, 0.008831093
338, 0.00883738
338, 0.008937247
338, 0.00952516
338, 0.009531314
338, 0.00785136
338, 0.007686361
338, 0.008529363
338, 0.008270637
339, 0.00870396
339, 0.008380396
339, 0.009623101
339, 0.0090029035
339, 0.007785083
339, 0.00788876
339, 0.008568279
339, 0.0083757555
340, 0.008405564
340, 0.008092551
340, 0.008853669
340, 0.008819372
340, 0.007758679
340, 0.0076215765
340, 0.0081965495
340, 0.008337968
341, 0.007763209
341, 0.0071102083
341, 0.008148594
341, 0.007468909
341, 0.0076839807
341, 0.007481405
341, 0.008106669
341, 0.00787751
342, 0.007700439
342, 0.008027032
342, 0.007894684
342, 0.008173329
342, 0.0073020295
342, 0.0074236146
342, 0.0072121145
342, 0.007285652
343, 0.0083122
343, 0.008198641
343, 0.008457384
343, 0.0082276855
343, 0.0072339685
343, 0.0069455206
343, 0.007371687
343, 0.0069672363
344, 0.008293477
344, 0.0081081735
344, 0.008150975
344, 0.008170334
344, 0.007328865
344, 0.0077826465
344, 0.0073516257
344, 0.008010081
345, 0.0075994935
345, 0.0076926355
345, 0.007642493
345, 0.007603027
345, 0.007757677
345, 0.00752342
345, 0.0075907423
345, 0.0072237453
346, 0.007934081
346, 0.007991695
346, 0.007790613
346, 0.008229518
346, 0.0074516623
346, 0.0076746834
346, 0.0072868536
346, 0.007891101
347, 0.008917023
347, 0.009829379
347, 0.009001178
347, 0.009554538
347, 0.008377638
347, 0.0088214455
347, 0.008769395
347, 0.008854455
348, 0.010242142
348, 0.010789702
348, 0.010139125
348, 0.010505432
348, 0.009276056
348, 0.00981469
348, 0.009027589
348, 0.00938498
349, 0.010983171
349, 0.011029096
349, 0.010915526
349, 0.011199301
349, 0.009678876
349, 0.009694143
349, 0.009606792
349, 0.009859602
350, 0.011299901
350, 0.011116677
350, 0.011519346
350, 0.011451514
350, 0.010106147
350, 0.009929621
350, 0.010456099
350, 0.010394767
351, 0.01052935
351, 0.009206274
351, 0.010787353
351, 0.009262563
351, 0.009476103
351, 0.009109094
351, 0.009829836
351, 0.009261367
352, 0.0080037
352, 0.007824952
352, 0.007955278
352, 0.007875877
352, 0.008238032
352, 0.007507818
352, 0.008162839
352, 0.007531975
353, 0.009124098
353, 0.009241369
353, 0.009533473
353, 0.009630072
353, 0.007799025
353, 0.007825224
353, 0.008034604
353, 0.008040126
354, 0.009537711
354, 0.009468821
354, 0.009937082
354, 0.009873006
354, 0.008094299
354, 0.007875463
354, 0.008371257
354, 0.008157298
355, 0.009226953
355, 0.008980977
355, 0.00940889
355, 0.009119294
355, 0.008081491
355, 0.008057964
355, 0.008325254
355, 0.008258159
356, 0.008353408
356, 0.008387951
356, 0.0085982215
356, 0.008599633
356, 0.0073875664
356, 0.007375424
356, 0.0077903834
356, 0.0077451533
357, 0.00832398
357, 0.008458904
357, 0.008434212
357, 0.008502391
357, 0.007323444
357, 0.0075346217
357, 0.0075857406
357, 0.007730229
358, 0.008471742
358, 0.007975355
358, 0.008348494
358, 0.007710896
358, 0.0078114
358, 0.007272811
358, 0.00760187
358, 0.0069221593
359, 0.008061328
359, 0.0076281675
359, 0.0076018316
359, 0.0071656397
359, 0.00720494
359, 0.007531936
359, 0.006623733
359, 0.0069474145
360, 0.008380838
360, 0.009768869
360, 0.007879321
360, 0.008986158
360, 0.0084684435
360, 0.009755477
360, 0.008021435
360, 0.009027433
361, 0.010480713
361, 0.010198241
361, 0.009859997
361, 0.0097000785
361, 0.01063162
361, 0.010110942
361, 0.009937698
361, 0.009539752
362, 0.0098809255
362, 0.009810849
362, 0.009246954
362, 0.009550789
362, 0.00935146
362, 0.008796874
362, 0.008884363
362, 0.008703775
363, 0.009215902
363, 0.009138356
363, 0.009354938
363, 0.009366115
363, 0.008007768
363, 0.00802498
363, 0.008128995
363, 0.008234849
364, 0.0084318835
364, 0.00856388
364, 0.008921419
364, 0.009107464
364, 0.0080103865
364, 0.007993673
364, 0.008233716
364, 0.008270951
365, 0.008201927
365, 0.0070743463
365, 0.0085736755
365, 0.007503178
365, 0.0075121955
365, 0.006820989
365, 0.00790329
365, 0.0072692917
366, 0.006850498
366, 0.005766014
366, 0.007333318
366, 0.0060706344
366, 0.00616283
366, 0.005140642
366, 0.0068026073
366, 0.00560203
367, 0.005263276
367, 0.005206813
367, 0.005679352
367, 0.0054844916
367, 0.004757188
367, 0.0046486612
367, 0.004981757
367, 0.0047348905
368, 0.004905151
368, 0.0049356287
368, 0.004922192
368, 0.0051026857
368, 0.0043333853
368, 0.0040185098
368, 0.0044630948
368, 0.0042980914
369, 0.005144781
369, 0.005602902
369, 0.00529463
369, 0.005649821
369, 0.0039943443
369, 0.004657832
369, 0.004283667
369, 0.00484451
370, 0.0057764845
370, 0.0068986765
370, 0.0060730423
370, 0.0071750474
370, 0.0052908184
370, 0.006852586
370, 0.0053164237
370, 0.0068574897
371, 0.007842541
371, 0.007851038
371, 0.0074856733
371, 0.007586525
371, 0.007978159
371, 0.007742507
371, 0.007678357
371, 0.007535093
372, 0.008291688
372, 0.007918437
372, 0.008011681
372, 0.007644562
372, 0.0077414815
372, 0.007378757
372, 0.0076961024
372, 0.007339375
373, 0.0075849732
373, 0.0077754348
373, 0.007839013
373, 0.008126994
373, 0.0070974394
373, 0.0069186343
373, 0.007242627
373, 0.0071611814
374, 0.0076688295
374, 0.0083685
374, 0.008251465
374, 0.008934181
374, 0.00696299
374, 0.0076689906
374, 0.007663839
374, 0.008353031
375, 0.009765872
375, 0.009450971
375, 0.009772334
375, 0.009294944
375, 0.009669189
375, 0.009285267
375, 0.009743545
375, 0.009197045
376, 0.008711635
376, 0.008286055
376, 0.00885167
376, 0.008819181
376, 0.008948942
376, 0.009302589
376, 0.009096005
376, 0.009843438
377, 0.008314894
377, 0.007119841
377, 0.008856422
377, 0.00779542
377, 0.009084937
377, 0.007637574
377, 0.009604883
377, 0.008291545
378, 0.006638165
378, 0.005762525
378, 0.0072654565
378, 0.0061200815
378, 0.0067633367
378, 0.006010432
378, 0.007410392
378, 0.006387999
379, 0.005175282
379, 0.0058173207
379, 0.0056462227
379, 0.0063868966
379, 0.0057590767
379, 0.0058976747
379, 0.006053163
379, 0.006290144
380, 0.0062364303
380, 0.0067697247
380, 0.006580775
380, 0.0071589784
380, 0.0061561973
380, 0.0067217043
380, 0.0067516905
380, 0.007362389
381, 0.0074548605
381, 0.008420377
381, 0.00786896
381, 0.008524953
381, 0.0068757143
381, 0.007529182
381, 0.007291651
381, 0.0076359767
382, 0.008014516
382, 0.006722622
382, 0.008087658
382, 0.006664839
382, 0.0076499083
382, 0.0067551252
382, 0.007551927
382, 0.006526507
383, 0.006555433
383, 0.0067948443
383, 0.0059660138
383, 0.0065438696
383, 0.0066897376
383, 0.00694122
383, 0.0061088363
383, 0.006698854
384, 0.007538039
384, 0.008555756
384, 0.007383037
384, 0.008415265
384, 0.007452636
384, 0.008400609
384, 0.0075091333
384, 0.008471836
385, 0.009181321
385, 0.009887731
385, 0.009329774
385, 0.0098826075
385, 0.009394764
385, 0.009963684
385, 0.009343977
385, 0.009759093
386, 0.0069528287
386, 0.007242298
386, 0.006095774
386, 0.0064061442
386, 0.007363828
386, 0.007108591
386, 0.006463908
386, 0.0062299436
387, 0.007829783
387, 0.008814726
387, 0.0070324866
387, 0.007900105
387, 0.0073112217
387, 0.008026961
387, 0.0060672704
387, 0.006665354
388, 0.008954157
388, 0.008153927
388, 0.008170196
388, 0.007829551
388, 0.007918936
388, 0.007636756
388, 0.0070742657
388, 0.0072510303
389, 0.008288308
389, 0.008833153
389, 0.00850254
389, 0.009506357
389, 0.0077099265
389, 0.008006441
389, 0.008209713
389, 0.008964908
390, 0.008750077
390, 0.008399847
390, 0.009378707
390, 0.008988579
390, 0.008224529
390, 0.008223943
390, 0.009303511
390, 0.009263319
391, 0.007900269
391, 0.007973853
391, 0.008399503
391, 0.008178201
391, 0.008154717
391, 0.008143604
391, 0.008384335
391, 0.008078197
392, 0.0081221135
392, 0.0077322302
392, 0.007947754
392, 0.007401831
392, 0.007687758
392, 0.0073978724
392, 0.007682342
392, 0.0072363988
393, 0.007358284
393, 0.0067552673
393, 0.0072069573
393, 0.006848088
393, 0.007198061
393, 0.0063518505
393, 0.0071277157
393, 0.006525493
394, 0.0062620244
394, 0.0065694563
394, 0.006907536
394, 0.006938547
394, 0.006032162
394, 0.0066489773
394, 0.006628353
394, 0.0069688233
395, 0.006972226
395, 0.0070490637
395, 0.006943574
395, 0.0065658805
395, 0.0071997116
395, 0.007421121
395, 0.0068901647
395, 0.006657232
396, 0.007220446
396, 0.0070850393
396, 0.0060617076
396, 0.006083143
396, 0.0076809633
396, 0.0075151687
396, 0.006689075
396, 0.0066803247
397, 0.0059420853
397, 0.005635425
397, 0.0064287325
397, 0.006163721
397, 0.0064393315
397, 0.006166107
397, 0.006745226
397, 0.0065137385
398, 0.005761124
398, 0.006167149
398, 0.005860399
398, 0.0060760328
398, 0.0057220054
398, 0.0056602038
398, 0.0062700403
398, 0.006017911
399, 0.006857933
399, 0.008058956
399, 0.00708028
399, 0.008378587
399, 0.006342778
399, 0.00792392
399, 0.006563764
399, 0.00824218
400, 0.009567262
400, 0.010625626
400, 0.009835235
400, 0.010224883
400, 0.010008221
400, 0.0115711605
400, 0.010106013
400, 0.010999929
401, 0.010427269
401, 0.010069554
401, 0.0099966405
401, 0.009917829
401, 0.0119365705
401, 0.011122116
401, 0.011485186
401, 0.0109503195
402, 0.0090992795
402, 0.0082667945
402, 0.00896577
402, 0.008252234
402, 0.009365143
402, 0.008483497
402, 0.009346498
402, 0.008583734
403, 0.007625805
403, 0.0071044774
403, 0.007817564
403, 0.007437972
403, 0.007680691
403, 0.0069764466
403, 0.0078050843
403, 0.007242545
404, 0.0074298535
404, 0.007856495
404, 0.0074624172
404, 0.007971639
404, 0.0074354624
404, 0.008050307
404, 0.0074707605
404, 0.008168207
405, 0.008552033
405, 0.008758472
405, 0.008359236
405, 0.008536478
405, 0.00869158
405, 0.008606235
405, 0.008533794
405, 0.00841929
406, 0.008661923
406, 0.0076492773
406, 0.008550603
406, 0.007945325
406, 0.008190733
406, 0.0072888155
406, 0.008339152
406, 0.007844116
407, 0.006646276
407, 0.0063788146
407, 0.0076695746
407, 0.007121418
407, 0.0068219295
407, 0.0067864414
407, 0.007427337
407, 0.0071113114
408, 0.0074928277
408, 0.007536974
408, 0.0077503207
408, 0.007975121
408, 0.0077527505
408, 0.008548732
408, 0.007988078
408, 0.008964932
409, 0.007479305
409, 0.0077132797
409, 0.008531391
409, 0.008754648
409, 0.009181898
409, 0.009522745
409, 0.0100123985
409, 0.01034258
410, 0.008352009
410, 0.008395417
410, 0.008853568
410, 0.008243684
410, 0.0095301885
410, 0.009005422
410, 0.010162352
410, 0.008983796
411, 0.008875103
411, 0.008363437
411, 0.008141811
411, 0.008102682
411, 0.009472123
411, 0.009471529
411, 0.008832216
411, 0.009304088
412, 0.007962079
412, 0.007982867
412, 0.0077442066
412, 0.0074380375
412, 0.009867544
412, 0.010035681
412, 0.009210757
412, 0.009051065
413, 0.007839464
413, 0.0085235145
413, 0.007690071
413, 0.008278789
413, 0.009677322
413, 0.010195804
413, 0.009663034
413, 0.010086049
414, 0.008896559
414, 0.008699228
414, 0.008568931
414, 0.0086293565
414, 0.010087425
414, 0.009436226
414, 0.010090145
414, 0.009696999
415, 0.008093012
415, 0.008019638
415, 0.008330421
415, 0.008186543
415, 0.008692976
415, 0.008439539
415, 0.008897711
415, 0.008573722
416, 0.007339152
416, 0.0065457923
416, 0.0074836407
416, 0.0067031514
416, 0.0077181766
416, 0.0069748643
416, 0.0077715083
416, 0.0070411353
417, 0.0063149547
417, 0.0067759478
417, 0.006300569
417, 0.006772968
417, 0.006820367
417, 0.0072673676
417, 0.006738809
417, 0.0071971854
418, 0.0074266293
418, 0.0075139212
418, 0.0071753175
418, 0.0074848826
418, 0.0074234228
418, 0.007326593
418, 0.007358446
418, 0.0074837883
419, 0.006967841
419, 0.00796928
419, 0.0068537067
419, 0.00782391
419, 0.008127636
419, 0.008971049
419, 0.008093557
419, 0.008905826
420, 0.008486963
420, 0.008011248
420, 0.007928306
420, 0.007290166
420, 0.009531988
420, 0.0092308195
420, 0.008871604
420, 0.0084079215
421, 0.007979037
421, 0.007483375
421, 0.0075666714
421, 0.0074527673
421, 0.009199082
421, 0.008418504
421, 0.008742713
421, 0.008344253
422, 0.0072385226
422, 0.006933765
422, 0.0075228917
422, 0.006996114
422, 0.007771146
422, 0.0067838617
422, 0.007997151
422, 0.0067878393
423, 0.006869187
423, 0.007058368
423, 0.0069311406
423, 0.007110238
423, 0.0065515214
423, 0.0074018924
423, 0.006584854
423, 0.007425159
424, 0.0071664513
424, 0.006788095
424, 0.0068927812
424, 0.006420207
424, 0.008454685
424, 0.008292667
424, 0.00827485
424, 0.0080183
425, 0.006545356
425, 0.0070214025
425, 0.0063512297
425, 0.006986384
425, 0.008029549
425, 0.008331364
425, 0.007799847
425, 0.0082610175
426, 0.006778647
426, 0.0061912932
426, 0.006568481
426, 0.0058423267
426, 0.007721711
426, 0.007365743
426, 0.0075130644
426, 0.0070181508
427, 0.005905329
427, 0.0060113072
427, 0.0056413063
427, 0.0059047914
427, 0.0071101445
427, 0.007192864
427, 0.006921856
427, 0.0071622385
428, 0.0059891506
428, 0.006157991
428, 0.0059585213
428, 0.006117456
428, 0.0071678255
428, 0.0071962057
428, 0.0071068704
428, 0.007125335
429, 0.006226237
429, 0.006526187
429, 0.0061417357
429, 0.00641179
429, 0.0072302707
429, 0.007710083
429, 0.007189167
429, 0.0076390835
430, 0.0060751713
430, 0.006649442
430, 0.0058123027
430, 0.006211022
430, 0.006981813
430, 0.0073524485
430, 0.006673661
430, 0.006868695
431, 0.0073414766
431, 0.0075771473
431, 0.007251782
431, 0.0076433015
431, 0.0077924365
431, 0.008069595
431, 0.0077082664
431, 0.008141255
432, 0.008041033
432, 0.0076616243
432, 0.007820004
432, 0.0075170523
432, 0.008721498
432, 0.008485403
432, 0.008509805
432, 0.008350175
433, 0.0076766363
433, 0.007614874
433, 0.00738286
433, 0.007327801
433, 0.008250336
433, 0.0074527273
433, 0.008060504
433, 0.007269633
434, 0.007595907
434, 0.007686288
434, 0.0076529575
434, 0.007801128
434, 0.0071245423
434, 0.0073038423
434, 0.0074140434
434, 0.0076511903
435, 0.007028333
435, 0.0061375047
435, 0.007423436
435, 0.0066845114
435, 0.007404738
435, 0.006766964
435, 0.0076031024
435, 0.0071176556
436, 0.0057923696
436, 0.006006196
436, 0.0059079626
436, 0.0057531497
436, 0.0064263083
436, 0.0069508087
436, 0.006373728
436, 0.0065290835
437, 0.005710571
437, 0.005402321
437, 0.005446611
437, 0.0053233486
437, 0.00644879
437, 0.005980803
437, 0.0062233815
437, 0.0059404746
438, 0.005474127
438, 0.0059837713
438, 0.0054343115
438, 0.0058928956
438, 0.006100041
438, 0.0067433566
438, 0.0061025666
438, 0.0066948193
439, 0.006037751
439, 0.0060218186
439, 0.0060761794
439, 0.006099722
439, 0.0068288604
439, 0.006994806
439, 0.0069214236
439, 0.0071268952
440, 0.0058538364
440, 0.0058855186
440, 0.0059033013
440, 0.005857192
440, 0.006877675
440, 0.006856154
440, 0.0068489853
440, 0.0067496216
441, 0.006158524
441, 0.005915473
441, 0.0062522097
441, 0.0059674713
441, 0.005949576
441, 0.005694618
441, 0.0059416667
441, 0.0056450856
442, 0.006491714
442, 0.006917978
442, 0.005929862
442, 0.006325985
442, 0.006153207
442, 0.0063026086
442, 0.0057925107
442, 0.005911862
443, 0.0069208345
443, 0.006320865
443, 0.006608545
443, 0.0058962144
443, 0.006452635
443, 0.0063878205
443, 0.006141888
443, 0.0059646037
444, 0.0061387583
444, 0.0064074886
444, 0.0060989247
444, 0.0067179604
444, 0.006603006
444, 0.007181311
444, 0.006543391
444, 0.00747218
445, 0.007007698
445, 0.0073702545
445, 0.006820854
445, 0.007191618
445, 0.007982123
445, 0.008201358
445, 0.007874772
445, 0.008102281
446, 0.0074624806
446, 0.007415338
446, 0.0072799134
446, 0.0072477236
446, 0.008143743
446, 0.007791479
446, 0.007949854
446, 0.0076126005
447, 0.0067882715
447, 0.0061009414
447, 0.0071622706
447, 0.006493571
447, 0.007088993
447, 0.0069835787
447, 0.0074154017
447, 0.0073287794
448, 0.0055839582
448, 0.005687663
448, 0.0059207934
448, 0.0060284645
448, 0.0065885494
448, 0.0063034277
448, 0.0069583445
448, 0.0066770995
449, 0.0058045965
449, 0.006040589
449, 0.0060873847
449, 0.0061724796
449, 0.0063990448
449, 0.006842007
449, 0.006668596
449, 0.0069605806
450, 0.006252263
450, 0.0064206976
450, 0.0060913423
450, 0.006347801
450, 0.007047381
450, 0.0071625127
450, 0.006887489
450, 0.0070907054
451, 0.006344333
451, 0.0063561555
451, 0.006471615
451, 0.0063344757
451, 0.006677887
451, 0.0062353564
451, 0.006682143
451, 0.006090795
452, 0.007045638
452, 0.0063787363
452, 0.007182789
452, 0.0065834676
452, 0.00591708
452, 0.0055073183
452, 0.006113207
452, 0.005770958
453, 0.0057477583
453, 0.005347914
453, 0.005920562
453, 0.0056049963
453, 0.0054043336
453, 0.005213289
453, 0.005514773
453, 0.005408062
454, 0.005891823
454, 0.0063611884
454, 0.0060793753
454, 0.006429972
454, 0.005623055
454, 0.0058830264
454, 0.0059843054
454, 0.0061254078
455, 0.0073195877
455, 0.007817093
455, 0.0070665213
455, 0.007226465
455, 0.0069281105
455, 0.0076046595
455, 0.006952809
455, 0.007291734
456, 0.007452088
456, 0.0071590035
456, 0.007090509
456, 0.0069589657
456, 0.0075338203
456, 0.007462234
456, 0.0071061915
456, 0.0071961577
457, 0.007188364
457, 0.007903904
457, 0.0071630464
457, 0.008028164
457, 0.007377742
457, 0.007973404
457, 0.007175644
457, 0.007920766
458, 0.00823766
458, 0.0077798245
458, 0.008190316
458, 0.007550349
458, 0.007942987
458, 0.0071700104
458, 0.0077765994
458, 0.0068217693
459, 0.0073052575
459, 0.007244856
459, 0.007073829
459, 0.0070468695
459, 0.0068790102
459, 0.0072047687
459, 0.0065184687
459, 0.0068775485
460, 0.007159823
460, 0.0072881225
460, 0.0072755655
460, 0.0075733014
460, 0.0070487973
460, 0.006800013
460, 0.006882777
460, 0.006803264
461, 0.007011911
461, 0.0071937516
461, 0.007426438
461, 0.0074563497
461, 0.0064229593
461, 0.00649751
461, 0.0068814713
461, 0.0068041272
462, 0.0073964926
462, 0.0072810366
462, 0.0073670764
462, 0.0073756436
462, 0.0063116634
462, 0.0060734516
462, 0.006564867
462, 0.0064504268
463, 0.00671996
463, 0.0065603144
463, 0.00625382
463, 0.0059896116
463, 0.006263529
463, 0.0060453685
463, 0.006062279
463, 0.005739471
464, 0.006268028
464, 0.0060405834
464, 0.005979057
464, 0.005640639
464, 0.0058418727
464, 0.005596535
464, 0.0056121205
464, 0.005255794
465, 0.0065203756
465, 0.0067516183
465, 0.0060453373
465, 0.006393721
465, 0.005998951
465, 0.0058210525
465, 0.0052849445
465, 0.0052244198
466, 0.006635724
466, 0.0059230155
466, 0.0059974073
466, 0.0057187583
466, 0.0059244675
466, 0.0053573647
466, 0.0052541657
466, 0.0051213
467, 0.0058921627
467, 0.006879078
467, 0.0058534867
467, 0.006544142
467, 0.0050282576
467, 0.0059312824
467, 0.0049553714
467, 0.005562232
468, 0.007467821
468, 0.00760329
468, 0.0072015985
468, 0.0071453373
468, 0.006167896
468, 0.0063528027
468, 0.005765384
468, 0.0057588303
469, 0.0075610965
469, 0.0075736884
469, 0.0070162364
469, 0.00749944
469, 0.006098475
469, 0.005651968
469, 0.005588811
469, 0.0056121764
470, 0.0075602653
470, 0.0077746077
470, 0.007938329
470, 0.007842416
470, 0.005795565
470, 0.006494114
470, 0.0062201614
470, 0.0066089607
471, 0.008326008
471, 0.008709968
471, 0.008389318
471, 0.008779621
471, 0.0068964204
471, 0.007158049
471, 0.0070112566
471, 0.0072792415
472, 0.008474587
472, 0.008163193
472, 0.008344565
472, 0.007878577
472, 0.0073297196
472, 0.0069690323
472, 0.007109537
472, 0.0065944395
473, 0.0075931014
473, 0.0070397365
473, 0.0071291295
473, 0.006717164
473, 0.0066529773
473, 0.0066197175
473, 0.0062634153
473, 0.0063714245
474, 0.0066963607
474, 0.006543672
474, 0.0069236704
474, 0.006921767
474, 0.0066980845
474, 0.0066931276
474, 0.007111736
474, 0.007257762
475, 0.0064893668
475, 0.006064274
475, 0.0069485013
475, 0.006454262
475, 0.0062314686
475, 0.0050893715
475, 0.0067818817
475, 0.0055702757
476, 0.0062717753
476, 0.005879001
476, 0.0065372274
476, 0.005941195
476, 0.0046678754
476, 0.0043648183
476, 0.004828994
476, 0.0043231696
477, 0.00531542
477, 0.005606946
477, 0.005461381
477, 0.005667249
477, 0.0043339613
477, 0.0045646536
477, 0.0041715503
477, 0.0043162704
478, 0.0055698478
478, 0.0056362054
478, 0.0055679507
478, 0.005551522
478, 0.0042782566
478, 0.0044102124
478, 0.0041662166
478, 0.0042154957
479, 0.0058598085
479, 0.005527775
479, 0.0054975357
479, 0.0054646307
479, 0.0042274147
479, 0.0038626785
479, 0.00392135
479, 0.0038551732
480, 0.0055486066
480, 0.0068590194
480, 0.005442868
480, 0.006742523
480, 0.004258927
480, 0.006041567
480, 0.0043253037
480, 0.006097597
481, 0.007973996
481, 0.008444242
481, 0.008127993
481, 0.008607761
481, 0.0072858674
481, 0.0072877514
481, 0.0075118137
481, 0.007523088
482, 0.009198745
482, 0.008966564
482, 0.009312721
482, 0.008896818
482, 0.0075983186
482, 0.0074578146
482, 0.007699933
482, 0.0073760618
483, 0.00813685
483, 0.0072320066
483, 0.008059635
483, 0.007266819
483, 0.0070806043
483, 0.006546549
483, 0.007010681
483, 0.0065885573
484, 0.0066063115
484, 0.0069094864
484, 0.006660416
484, 0.0070268195
484, 0.0063551157
484, 0.006699002
484, 0.0063555962
484, 0.006762684
485, 0.0065389243
485, 0.0059601422
485, 0.0066391234
485, 0.0061935466
485, 0.0057757315
485, 0.004794847
485, 0.0060054082
485, 0.00515746
486, 0.0054374947
486, 0.005619275
486, 0.005705033
486, 0.0058237463
486, 0.0043622786
486, 0.004670193
486, 0.0043046973
486, 0.004549303
487, 0.004809258
487, 0.0044034705
487, 0.0053866506
487, 0.0049973004
487, 0.0035736847
487, 0.0030578414
487, 0.0041062958
487, 0.0036068354
488, 0.0040910435
488, 0.0034801897
488, 0.0045147836
488, 0.003973053
488, 0.0027738386
488, 0.002581757
488, 0.0032791283
488, 0.0031561658
489, 0.0033810115
489, 0.0031830205
489, 0.0038912555
489, 0.0034638003
489, 0.002824949
489, 0.002784993
489, 0.0032202697
489, 0.0029511005
490, 0.00316852
490, 0.003737111
490, 0.003412439
490, 0.004064699
490, 0.0031169078
490, 0.0036876553
490, 0.0032798506
490, 0.003934215
491, 0.0045328205
491, 0.0059412704
491, 0.004649691
491, 0.0060804794
491, 0.0045591095
491, 0.005600924
491, 0.0046396474
491, 0.0057037286
492, 0.0069706137
492, 0.0069843475
492, 0.006881463
492, 0.0068000187
492, 0.006172151
492, 0.0062479954
492, 0.006070824
492, 0.0060515287
493, 0.007138289
493, 0.007165989
493, 0.007211944
493, 0.0072462833
493, 0.0062673977
493, 0.0068086875
493, 0.0066007474
493, 0.007148849
494, 0.006881442
494, 0.006298556
494, 0.0070852838
494, 0.0066511338
494, 0.0068034464
494, 0.006167337
494, 0.0073915035
494, 0.006903815
495, 0.00621363
495, 0.006388498
495, 0.006869858
495, 0.006953379
495, 0.006158977
495, 0.0059858207
495, 0.0065723504
495, 0.0063078403
496, 0.007755507
496, 0.0073889163
496, 0.008141968
496, 0.0080575915
496, 0.006197424
496, 0.0061896937
496, 0.0065320865
496, 0.006806461
497, 0.0073680235
497, 0.008133981
497, 0.00824825
497, 0.008929653
497, 0.005678133
497, 0.0058952095
497, 0.0065321797
497, 0.006664542
498, 0.007966189
498, 0.007431891
498, 0.008525231
498, 0.007955027
498, 0.005817016
498, 0.0057398346
498, 0.006438722
498, 0.0063258605
499, 0.006643717
499, 0.0058801663
499, 0.007241615
499, 0.0066375677
499, 0.005318758
499, 0.0049389056
499, 0.005900201
499, 0.005679865
500, 0.0057540094
500, 0.0052789925
500, 0.006433434
500, 0.0057983138
500, 0.0048295893
500, 0.0043519046
500, 0.0055323155
500, 0.0048946775
501, 0.0052784635
501, 0.005902707
501, 0.006007334
501, 0.0066457833
501, 0.004616236
501, 0.0051713088
501, 0.005253161
501, 0.005822292
502, 0.006055434
502, 0.0065812
502, 0.006541262
502, 0.006923939
502, 0.0056247297
502, 0.006276887
502, 0.006044322
502, 0.0065533062
503, 0.0069190683
503, 0.0063616517
503, 0.00704798
503, 0.0063581285
503, 0.0064743436
503, 0.0062804767
503, 0.0065205265
503, 0.0061943494
504, 0.006561414
504, 0.006907869
504, 0.0062186974
504, 0.0066433493
504, 0.006670512
504, 0.0069814804
504, 0.006364353
504, 0.006753574
505, 0.0072930753
505, 0.007827295
505, 0.0072111585
505, 0.0077055106
505, 0.0073719756
505, 0.0073931813
505, 0.007121043
505, 0.0071024434
506, 0.008370259
506, 0.008270388
506, 0.008235458
506, 0.008197325
506, 0.007125628
506, 0.0065057743
506, 0.007371711
506, 0.0068132933
507, 0.007025208
507, 0.007251601
507, 0.0070539718
507, 0.0072078207
507, 0.0074663386
507, 0.008228383
507, 0.007374735
507, 0.008064066
508, 0.007388615
508, 0.0075082122
508, 0.006873987
508, 0.006737388
508, 0.008186179
508, 0.007978966
508, 0.0079129515
508, 0.0074495077
509, 0.00738142
509, 0.0077735903
509, 0.0071316897
509, 0.007557184
509, 0.008082282
509, 0.008570623
509, 0.008263737
509, 0.008785619
510, 0.007956531
510, 0.008242691
510, 0.008332728
510, 0.00869238
510, 0.008445437
510, 0.00827111
510, 0.008912108
510, 0.008811152
511, 0.008254575
511, 0.007595409
511, 0.008819495
511, 0.008397008
511, 0.007914153
511, 0.006963562
511, 0.008500814
511, 0.007786547
512, 0.007597985
512, 0.0077532367
512, 0.007598192
512, 0.007747003
512, 0.007119975
512, 0.0074446
512, 0.0073185614
512, 0.0076369355
513, 0.007254498
513, 0.007159612
513, 0.0074650357
513, 0.0072026164
513, 0.007213236
513, 0.0071057873
513, 0.0073343227
513, 0.0070593036
514, 0.0069946153
514, 0.0061272406
514, 0.0070628123
514, 0.006327738
514, 0.006657198
514, 0.00593307
514, 0.0066662845
514, 0.006074469
515, 0.0058872732
515, 0.0063616103
515, 0.006413685
515, 0.0067389314
515, 0.0058723125
515, 0.006207967
515, 0.0061887708
515, 0.006375244
516, 0.006951051
516, 0.0071882093
516, 0.00692608
516, 0.007371051
516, 0.006690643
516, 0.0069163875
516, 0.006518333
516, 0.006951758
517, 0.0073164394
517, 0.0070462283
517, 0.007531622
517, 0.007229792
517, 0.007390199
517, 0.007418337
517, 0.0072469194
517, 0.007243593
518, 0.0077906423
518, 0.007806253
518, 0.008105983
518, 0.008029659
518, 0.00915048
518, 0.0090781
518, 0.009514695
518, 0.009350308
519, 0.0072660577
519, 0.006714657
519, 0.007881962
519, 0.0074521247
519, 0.008775581
519, 0.008593139
519, 0.009150148
519, 0.009089709
520, 0.0073236465
520, 0.008442348
520, 0.0077379285
520, 0.008650322
520, 0.009529428
520, 0.009667211
520, 0.009637017
520, 0.009567907
521, 0.01043464
521, 0.012011486
521, 0.01056176
521, 0.012125042
521, 0.010598556
521, 0.011812032
521, 0.010614904
521, 0.011814652
522, 0.012337456
522, 0.011141799
522, 0.012732432
522, 0.0115594575
522, 0.011959996
522, 0.011262478
522, 0.012132942
522, 0.011458423
523, 0.0093378015
523, 0.008791756
523, 0.0098866625
523, 0.0091090165
523, 0.010183243
523, 0.009508105
523, 0.010921662
523, 0.010014437
524, 0.007960031
524, 0.0073149996
524, 0.00805421
524, 0.007532602
524, 0.008385911
524, 0.0077009685
524, 0.00854591
524, 0.007984428
525, 0.0075745718
525, 0.008094093
525, 0.007649511
525, 0.008410445
525, 0.0075829085
525, 0.007868962
525, 0.0077559757
525, 0.008283372
526, 0.00873045
526, 0.008671989
526, 0.0088869175
526, 0.008757379
526, 0.008633251
526, 0.009067594
526, 0.009056015
526, 0.009419322
527, 0.008451471
527, 0.008315714
527, 0.008698727
527, 0.008537195
527, 0.008991018
527, 0.00888775
527, 0.009280894
527, 0.0091518685
528, 0.008108109
528, 0.008009123
528, 0.008170268
528, 0.008201109
528, 0.008852883
528, 0.009196405
528, 0.009085553
528, 0.009559051
529, 0.008505128
529, 0.009600356
529, 0.0083906995
529, 0.009559996
529, 0.008652355
529, 0.00957556
529, 0.008641035
529, 0.009638443
530, 0.010494095
530, 0.010994413
530, 0.010868894
530, 0.011642967
530, 0.010195932
530, 0.010809796
530, 0.010701786
530, 0.011589388
531, 0.010979741
531, 0.009853782
531, 0.011693402
531, 0.01029751
531, 0.0113004055
531, 0.01051167
531, 0.011816355
531, 0.010758153
532, 0.010391223
532, 0.011163222
532, 0.010232117
532, 0.010924664
532, 0.010894549
532, 0.0114796
532, 0.0107835755
532, 0.011289232
533, 0.011794891
533, 0.011581347
533, 0.011029287
533, 0.010977416
533, 0.011974991
533, 0.012114831
533, 0.011756751
533, 0.01205823
534, 0.0111394245
534, 0.0113167185
534, 0.011509291
534, 0.011603663
534, 0.01235943
534, 0.01197252
534, 0.012213958
534, 0.011744257
535, 0.010778796
535, 0.010006031
535, 0.011310855
535, 0.010501712
535, 0.011029838
535, 0.0103555415
535, 0.011489651
535, 0.010779029
536, 0.009313903
536, 0.009301607
536, 0.009600577
536, 0.009601233
536, 0.009661208
536, 0.010026476
536, 0.010031633
536, 0.010410012
537, 0.008598303
537, 0.0077652675
537, 0.008772491
537, 0.007976025
537, 0.0096494
537, 0.008783284
537, 0.009737303
537, 0.008907869
538, 0.0075007956
538, 0.007901509
538, 0.007596471
538, 0.007944005
538, 0.008052602
538, 0.008071541
538, 0.008168238
538, 0.008133981
539, 0.007869559
539, 0.007881633
539, 0.007862137
539, 0.007838065
539, 0.008064171
539, 0.008133149
539, 0.0079951305
539, 0.008027948
540, 0.009083748
540, 0.0097399885
540, 0.009324169
540, 0.009908245
540, 0.009316379
540, 0.009823371
540, 0.0095104175
540, 0.009945169
541, 0.010264972
541, 0.01043021
541, 0.00973844
541, 0.009547882
541, 0.010135936
541, 0.01031661
541, 0.009701881
541, 0.009526807
542, 0.010504079
542, 0.0097936755
542, 0.00992591
542, 0.0095772
542, 0.010456179
542, 0.010220015
542, 0.009956647
542, 0.0100818975
543, 0.009231964
543, 0.008112646
543, 0.00929035
543, 0.007972134
543, 0.010146295
543, 0.0095931655
543, 0.010232032
543, 0.009479835
544, 0.007896388
544, 0.008742898
544, 0.0076216604
544, 0.008256166
544, 0.009685188
544, 0.009786693
544, 0.00913611
544, 0.009025556
545, 0.0099517405
545, 0.010121122
545, 0.009419154
545, 0.009708158
545, 0.0103702005
545, 0.011168306
545, 0.009855406
545, 0.010772918
546, 0.009908847
546, 0.009701273
546, 0.009638226
546, 0.00975544
546, 0.011453077
546, 0.010938532
546, 0.011221366
546, 0.011032061
547, 0.008974851
547, 0.008856675
547, 0.008932857
547, 0.008621463
547, 0.010013869
547, 0.009595223
547, 0.009977095
547, 0.009365078
548, 0.008346734
548, 0.008204348
548, 0.008240823
548, 0.008226705
548, 0.008773579
548, 0.008241452
548, 0.008600107
548, 0.008196308
549, 0.008081889
549, 0.008220096
549, 0.00810363
549, 0.008307506
549, 0.007982315
549, 0.008458104
549, 0.008078424
549, 0.008619954
550, 0.008377727
550, 0.008700849
550, 0.008565023
550, 0.008920475
550, 0.00871654
550, 0.008909855
550, 0.008958151
550, 0.009183796
551, 0.008339847
551, 0.008530311
551, 0.0078030922
551, 0.007932587
551, 0.0090619465
551, 0.009206699
551, 0.008530037
551, 0.008613807
552, 0.00880058
552, 0.009097269
552, 0.008601889
552, 0.00901362
552, 0.0093261795
552, 0.00931239
552, 0.0090048
552, 0.009106133
553, 0.009550234
553, 0.009270507
553, 0.009195582
553, 0.008938666
553, 0.0095143495
553, 0.009100205
553, 0.00915866
553, 0.008767355
554, 0.008915339
554, 0.008049722
554, 0.008593276
554, 0.007853947
554, 0.008955602
554, 0.00867884
554, 0.008650414
554, 0.008499844
555, 0.0077950843
555, 0.007776986
555, 0.008149342
555, 0.008240171
555, 0.008569256
555, 0.008552627
555, 0.008848338
555, 0.008940682
556, 0.008056785
556, 0.0077360333
556, 0.0081942845
556, 0.0076961974
556, 0.00876191
556, 0.008523922
556, 0.009048491
556, 0.008633018
557, 0.0076488745
557, 0.008392081
557, 0.0071824496
557, 0.007961816
557, 0.0088772215
557, 0.009794148
557, 0.008393834
557, 0.009346881
558, 0.007883714
558, 0.007438652
558, 0.0078041903
558, 0.0073469817
558, 0.009293478
558, 0.008751186
558, 0.009202508
558, 0.008648064
559, 0.0074633434
559, 0.007996231
559, 0.0073770396
559, 0.0079482645
559, 0.008504977
559, 0.008824824
559, 0.008409758
559, 0.008767973
560, 0.008061397
560, 0.008360302
560, 0.008157853
560, 0.008408591
560, 0.0088441
560, 0.0090268515
560, 0.008926845
560, 0.009061389
561, 0.008358351
561, 0.008226938
561, 0.008172753
561, 0.007891613
561, 0.009039406
561, 0.008978714
561, 0.008932585
561, 0.008722011
562, 0.006401073
562, 0.006163761
562, 0.0064810268
562, 0.0060820505
562, 0.0070128758
562, 0.0067713647
562, 0.007033233
562, 0.006630024
563, 0.006416337
563, 0.0064821015
563, 0.006091432
563, 0.006070683
563, 0.0068278583
563, 0.006832201
563, 0.0065051354
563, 0.006422986
564, 0.006827797
564, 0.006853396
564, 0.0064233146
564, 0.0062853247
564, 0.007305117
564, 0.007418877
564, 0.007010344
564, 0.006960353
565, 0.0072819996
565, 0.007848869
565, 0.0069877533
565, 0.0077831084
565, 0.007697079
565, 0.0076341066
565, 0.0074563827
565, 0.0076220334
566, 0.008553605
566, 0.008617803
566, 0.00808753
566, 0.008156055
566, 0.007979558
566, 0.008208178
566, 0.0075903526
566, 0.007823249
567, 0.008394174
567, 0.0077220974
567, 0.007897007
567, 0.007379995
567, 0.008289873
567, 0.007609556
567, 0.007987092
567, 0.0074617257
568, 0.007374107
568, 0.008038633
568, 0.0073615345
568, 0.007800172
568, 0.007305966
568, 0.008110536
568, 0.0071476824
568, 0.0077261575
569, 0.0076769223
569, 0.007225649
569, 0.007458659
569, 0.007203944
569, 0.007830871
569, 0.0075389803
569, 0.007426786
569, 0.00733144
570, 0.007143704
570, 0.00754829
570, 0.0070800325
570, 0.007230347
570, 0.007290298
570, 0.0073747267
570, 0.007167032
570, 0.0069973036
571, 0.0077025928
571, 0.007824547
571, 0.007111548
571, 0.0073055327
571, 0.007566636
571, 0.0078066573
571, 0.0070353374
571, 0.0073473896
572, 0.007361531
572, 0.006808579
572, 0.0069692708
572, 0.0066516586
572, 0.00763501
572, 0.007436439
572, 0.0071959067
572, 0.0072327536
573, 0.005540661
573, 0.005197687
573, 0.0050315266
573, 0.004772722
573, 0.0050794706
573, 0.005029955
573, 0.004584354
573, 0.004618877
574, 0.0053677266
574, 0.005234191
574, 0.004827802
574, 0.0047829743
574, 0.0053109834
574, 0.005223177
574, 0.0049888627
574, 0.0049897037
575, 0.005623149
575, 0.0056793825
575, 0.0054354677
575, 0.005554104
575, 0.0058507323
575, 0.0059473994
575, 0.0057243407
575, 0.0058834017
576, 0.006504331
576, 0.0070320778
576, 0.006196171
576, 0.0065171323
576, 0.006440108
576, 0.006417735
576, 0.005872174
576, 0.005643268
577, 0.006986699
577, 0.00699043
577, 0.0064189336
577, 0.00672862
577, 0.0062092827
577, 0.006510863
577, 0.0056177964
577, 0.006225019
578, 0.006779687
578, 0.0070662806
578, 0.0065616434
578, 0.006909199
578, 0.0066020666
578, 0.006289435
578, 0.006368495
578, 0.0061169295
579, 0.006950597
579, 0.006391615
579, 0.006713227
579, 0.005947473
579, 0.005706686
579, 0.005604216
579, 0.0056003467
579, 0.0052911337
580, 0.00617867
580, 0.0067588533
580, 0.0056677856
580, 0.0062299566
580, 0.00540475
580, 0.0058497754
580, 0.004963247
580, 0.0053903814
581, 0.0068133455
581, 0.006375316
581, 0.006352596
581, 0.006006185
581, 0.0060459385
581, 0.005924318
581, 0.005681704
581, 0.005651513
582, 0.0058947727
582, 0.0058513246
582, 0.0059609725
582, 0.005697655
582, 0.005732402
582, 0.005647642
582, 0.005660629
582, 0.005356035
583, 0.00547887
583, 0.0055415425
583, 0.005267252
583, 0.00528792
583, 0.005180898
583, 0.0051186513
583, 0.004814693
583, 0.004710425
584, 0.0054947496
584, 0.005189417
584, 0.0054100174
584, 0.0051054135
584, 0.005083917
584, 0.004799704
584, 0.0051009543
584, 0.00481742
585, 0.004886088
585, 0.004641056
585, 0.0048296647
585, 0.004557951
585, 0.0047313436
585, 0.00450058
585, 0.004657293
585, 0.004399843
586, 0.004950652
586, 0.0048161643
586, 0.0044046044
586, 0.004434791
586, 0.0048504784
586, 0.0049068015
586, 0.0042093974
586, 0.0044303923
587, 0.0050821737
587, 0.0046150754
587, 0.004582904
587, 0.0040448243
587, 0.004772048
587, 0.004483742
587, 0.004310375
587, 0.003951063
588, 0.0041581406
588, 0.0049195318
588, 0.0036492497
588, 0.0042392616
588, 0.0041414285
588, 0.004252063
588, 0.0037698024
588, 0.0037094855
589, 0.0049342
589, 0.005159022
589, 0.0042196554
589, 0.004493654
589, 0.00445269
589, 0.0049528647
589, 0.0036006623
589, 0.004149805
590, 0.004909323
590, 0.004363581
590, 0.004458542
590, 0.004015263
590, 0.004778626
590, 0.004437377
590, 0.004505922
590, 0.0042670746
591, 0.0044018417
591, 0.0053932965
591, 0.004495134
591, 0.005587672
591, 0.0041916347
591, 0.004834467
591, 0.00434524
591, 0.005089148
592, 0.0058706296
592, 0.0058171437
592, 0.006116126
592, 0.006119435
592, 0.005160632
592, 0.0050632986
592, 0.005138314
592, 0.0050977445
593, 0.0060538435
593, 0.0056528635
593, 0.0060305228
593, 0.0054855887
593, 0.0053282655
593, 0.005284511
593, 0.0051617986
593, 0.004974301
594, 0.0055123065
594, 0.00568572
594, 0.005426064
594, 0.0055362713
594, 0.0052521755
594, 0.0052265013
594, 0.0053138477
594, 0.0052250223
595, 0.0061242245
595, 0.0060190535
595, 0.006218512
595, 0.005998569
595, 0.005944644
595, 0.0054898732
595, 0.0059146634
595, 0.0053452463
596, 0.0052364115
596, 0.0042792084
596, 0.0052598
596, 0.0045762514
596, 0.004906157
596, 0.004507723
596, 0.0049772365
596, 0.004852676
597, 0.0035357224
597, 0.003364191
597, 0.0035920795
597, 0.003434375
597, 0.0036058752
597, 0.002974621
597, 0.0035631808
597, 0.002945766
598, 0.003199065
598, 0.002720432
598, 0.0031982732
598, 0.0026315802
598, 0.0023566827
598, 0.0019403296
598, 0.0023861013
598, 0.0018817651
599, 0.00267947
599, 0.0032165712
599, 0.0027570273
599, 0.0032259428
599, 0.002376673
599, 0.0031261828
599, 0.0023575379
599, 0.0030387917
600, 0.0032056025
600, 0.0030528298
600, 0.0031355654
600, 0.0029991884
600, 0.003287269
600, 0.0033464318
600, 0.003309709
600, 0.0033853
601, 0.0034597348
601, 0.004801033
601, 0.0034573185
601, 0.0049689435
601, 0.003961213
601, 0.004833199
601, 0.0039712866
601, 0.00501377
602, 0.0058668265
602, 0.006416563
602, 0.006152688
602, 0.006469122
602, 0.0053456747
602, 0.0059041306
602, 0.005665992
602, 0.005991236
603, 0.0065820254
603, 0.0063170777
603, 0.006464536
603, 0.006237731
603, 0.0055653914
603, 0.005153265
603, 0.0054886793
603, 0.0051146336
604, 0.006124226
604, 0.005659307
604, 0.006113967
604, 0.0056863176
604, 0.0050865533
604, 0.0048947153
604, 0.0051065
604, 0.0049518533
605, 0.0058049145
605, 0.005969535
605, 0.005702219
605, 0.0058215256
605, 0.005625008
605, 0.0058887303
605, 0.0055552176
605, 0.005773613
606, 0.005166306
606, 0.004400155
606, 0.0049587796
606, 0.0041717216
606, 0.0046086838
606, 0.004358487
606, 0.0041651777
606, 0.003894112
607, 0.004034333
607, 0.0036859156
607, 0.0035163187
607, 0.0033430967
607, 0.003970545
607, 0.003423283
607, 0.003945293
607, 0.0035729285
608, 0.002699574
608, 0.002348408
608, 0.0030035467
608, 0.0027418593
608, 0.0029296216
608, 0.0027149986
608, 0.0031158829
608, 0.0029907757
609, 0.0020242082
609, 0.0021254385
609, 0.002457253
609, 0.0025972235
609, 0.002173903
609, 0.0020512813
609, 0.0025480958
609, 0.002464156
610, 0.0024961133
610, 0.002786593
610, 0.002802163
610, 0.002970719
610, 0.0021361695
610, 0.0026248335
610, 0.0025378899
610, 0.0029047965
611, 0.0032120533
611, 0.0035624322
611, 0.0033511554
611, 0.003658866
611, 0.0031660781
611, 0.0035340278
611, 0.0032730277
611, 0.0035983282
612, 0.004172725
612, 0.004408018
612, 0.0041155573
612, 0.0044130185
612, 0.004620668
612, 0.0046506086
612, 0.0046059634
612, 0.0046981247
613, 0.004931593
613, 0.0055561154
613, 0.004706174
613, 0.005080649
613, 0.0048883385
613, 0.005360491
613, 0.0047273207
613, 0.004949424
614, 0.005624623
614, 0.006408944
614, 0.005657345
614, 0.0063480404
614, 0.0051840376
614, 0.00580581
614, 0.0052022375
614, 0.005730397
615, 0.0064811427
615, 0.0058224145
615, 0.006637612
615, 0.006131369
615, 0.005691783
615, 0.0049636792
615, 0.0057225423
615, 0.0051468867
616, 0.0057476875
616, 0.005485819
616, 0.005549368
616, 0.0052982853
616, 0.004918855
616, 0.004801508
616, 0.0046112225
616, 0.0045046657
617, 0.0047348943
617, 0.004842587
617, 0.005223724
617, 0.0055490276
617, 0.0040735733
617, 0.0043068505
617, 0.0048482334
617, 0.0052991104
618, 0.0045559946
618, 0.0044211694
618, 0.005407882
618, 0.00531309
618, 0.0049079973
618, 0.005064753
618, 0.0057096016
618, 0.0059066126
619, 0.0044620913
619, 0.004746371
619, 0.0052540954
619, 0.005422122
619, 0.0048616785
619, 0.0050595147
619, 0.005600177
619, 0.0056816475
620, 0.0046293377
620, 0.0045515327
620, 0.005241454
620, 0.0052214805
620, 0.0048609255
620, 0.0048334594
620, 0.0055189286
620, 0.0055493307
621, 0.0044271285
621, 0.0042180154
621, 0.0050326935
621, 0.004683144
621, 0.004568503
621, 0.004130381
621, 0.0051923334
621, 0.004613698
622, 0.00433885
622, 0.0044576307
622, 0.004844881
622, 0.004967727
622, 0.0040073446
622, 0.0041062417
622, 0.0044915294
622, 0.004594484
623, 0.0047032135
623, 0.004816043
623, 0.0050391783
623, 0.0051678033
623, 0.0048838276
623, 0.0047210166
623, 0.0051796534
623, 0.0050326018
624, 0.005034304
624, 0.0054391986
624, 0.005361343
624, 0.005989939
624, 0.004702183
624, 0.0050138133
624, 0.005052065
624, 0.00558749
625, 0.005934566
625, 0.006122343
625, 0.0062785703
625, 0.00615969
625, 0.0052700927
625, 0.0056034974
625, 0.0055796285
625, 0.0056065302
626, 0.006366548
626, 0.006211588
626, 0.006256593
626, 0.0062758476
626, 0.0055655157
626, 0.005146168
626, 0.005460959
626, 0.00521564
627, 0.005478125
627, 0.004837837
627, 0.006206746
627, 0.0053957705
627, 0.0044028442
627, 0.0041183825
627, 0.004951396
627, 0.0044968063
628, 0.0081612775
628, 0.008745466
628, 0.008715828
628, 0.009084098
628, 0.008878624
628, 0.008996717
628, 0.009465104
628, 0.009367023
629, 0.008272392
629, 0.0077873114
629, 0.00864918
629, 0.008161821
629, 0.008439499
629, 0.007511462
629, 0.008771088
629, 0.007840683
630, 0.007630823
630, 0.008179403
630, 0.008691619
630, 0.008988609
630, 0.006798623
630, 0.0073821177
630, 0.00758655
630, 0.007918757
631, 0.008109058
631, 0.0077489144
631, 0.009016402
631, 0.008615773
631, 0.007528256
631, 0.007217554
631, 0.008484129
631, 0.00813297
632, 0.007265599
632, 0.006473521
632, 0.007972538
632, 0.0071339644
632, 0.006591666
632, 0.0057676076
632, 0.007248889
632, 0.006378414
633, 0.0065553556
633, 0.0066259042
633, 0.006676989
633, 0.006842955
633, 0.0057823355
633, 0.006028602
633, 0.006093111
633, 0.0064347857
634, 0.0066550975
634, 0.0064609707
634, 0.006712742
634, 0.0067210803
634, 0.006631737
634, 0.0065739024
634, 0.0064544287
634, 0.0065991073
635, 0.0061906646
635, 0.006429926
635, 0.0064652236
635, 0.006329995
635, 0.006445358
635, 0.0069853878
635, 0.006478866
635, 0.0066440543
636, 0.006362236
636, 0.0060390923
636, 0.0064290515
636, 0.006332339
636, 0.006731912
636, 0.00625541
636, 0.0068222387
636, 0.0065721823
637, 0.0065489328
637, 0.0074139587
637, 0.006760402
637, 0.007830637
637, 0.0068673966
637, 0.008399727
637, 0.0073713423
637, 0.009109833
638, 0.008167821
638, 0.008015025
638, 0.008401184
638, 0.008450901
638, 0.008990983
638, 0.008568026
638, 0.009484995
638, 0.009264303
639, 0.010441396
639, 0.009943415
639, 0.0105864825
639, 0.01015899
639, 0.01040716
639, 0.00975945
639, 0.010559328
639, 0.00998209
640, 0.009848646
640, 0.010184551
640, 0.010119398
640, 0.010213031
640, 0.010052016
640, 0.010839473
640, 0.010693604
640, 0.011238475
641, 0.01107835
641, 0.010637399
641, 0.010729487
641, 0.010556152
641, 0.011162485
641, 0.010681691
641, 0.0111756725
641, 0.0109622795
642, 0.01087951
642, 0.0116525125
642, 0.010963616
642, 0.01178362
642, 0.011176289
642, 0.011574013
642, 0.011022496
642, 0.011467098
643, 0.011879686
643, 0.011366495
643, 0.012356105
643, 0.011956586
643, 0.011617774
643, 0.011318207
643, 0.012290248
643, 0.012104322
644, 0.010363321
644, 0.009355407
644, 0.011476584
644, 0.01032126
644, 0.010294219
644, 0.009081722
644, 0.010974515
644, 0.009615056
645, 0.008366955
645, 0.008138
645, 0.0090076
645, 0.008626588
645, 0.008231357
645, 0.008538688
645, 0.008810374
645, 0.008965879
646, 0.007966024
646, 0.007988108
646, 0.0082286205
646, 0.008302615
646, 0.008361235
646, 0.0077877524
646, 0.008678121
646, 0.008156393
647, 0.008540785
647, 0.009220658
647, 0.008885017
647, 0.009635121
647, 0.008273892
647, 0.009097882
647, 0.008609202
647, 0.00950345
648, 0.009439238
648, 0.0096601425
648, 0.009624036
648, 0.009573058
648, 0.009609078
648, 0.009847062
648, 0.009655526
648, 0.009621353
649, 0.009831441
649, 0.010489505
649, 0.009701962
649, 0.010551915
649, 0.009683607
649, 0.010344204
649, 0.009442809
649, 0.01029511
650, 0.009335891
650, 0.009996561
650, 0.009029558
650, 0.0097196605
650, 0.009957084
650, 0.010435911
650, 0.009606764
650, 0.010115051
651, 0.010592901
651, 0.010836095
651, 0.010611205
651, 0.010951034
651, 0.011597548
651, 0.011657372
651, 0.0113635305
651, 0.011520323
652, 0.011328568
652, 0.01121686
652, 0.011245751
652, 0.011305074
652, 0.011393764
652, 0.011142973
652, 0.0113162715
652, 0.011236569
653, 0.011446501
653, 0.01188196
653, 0.011422699
653, 0.011648669
653, 0.010997429
653, 0.011577361
653, 0.011083665
653, 0.01145424
654, 0.012515326
654, 0.012714662
654, 0.012220789
654, 0.01236341
654, 0.012610639
654, 0.012713013
654, 0.012189666
654, 0.0122353695
655, 0.013062333
655, 0.012775342
655, 0.012540887
655, 0.012806764
655, 0.01246165
655, 0.012631366
655, 0.012232717
655, 0.012954867
656, 0.01163861
656, 0.010784032
656, 0.012471668
656, 0.011343849
656, 0.011961157
656, 0.011035106
656, 0.012541658
656, 0.011342898
657, 0.010101164
657, 0.010202092
657, 0.010662212
657, 0.010860735
657, 0.010339222
657, 0.009854467
657, 0.010794524
657, 0.010407093
658, 0.009835349
658, 0.0092096245
658, 0.010125411
658, 0.009398589
658, 0.009391311
658, 0.009030322
658, 0.009597786
658, 0.009135818
659, 0.00843198
659, 0.008281529
659, 0.008650193
659, 0.008381625
659, 0.008504012
659, 0.008419732
659, 0.008839059
659, 0.008636612
660, 0.008318631
660, 0.008708766
660, 0.008259386
660, 0.008460491
660, 0.008377733
660, 0.009093482
660, 0.008659483
660, 0.00918635
661, 0.009237697
661, 0.009463999
661, 0.009247949
661, 0.009356369
661, 0.008852082
661, 0.009036528
661, 0.00884577
661, 0.0089123715
662, 0.009768603
662, 0.009652866
662, 0.00929428
662, 0.009390893
662, 0.009762799
662, 0.009857516
662, 0.0091260765
662, 0.009433217
663, 0.009811908
663, 0.010665183
663, 0.009921827
663, 0.010528122
663, 0.009837111
663, 0.010508763
663, 0.01004913
663, 0.010473769
664, 0.010775365
664, 0.010135701
664, 0.010710012
664, 0.010135394
664, 0.010239156
664, 0.009386393
664, 0.010273939
664, 0.0094860885
665, 0.010324977
665, 0.010318741
665, 0.009997237
665, 0.010297251
665, 0.009794326
665, 0.010622158
665, 0.009378256
665, 0.010512043
666, 0.010963246
666, 0.012757765
666, 0.011364177
666, 0.012810271
666, 0.0113932835
666, 0.013002841
666, 0.011835349
666, 0.013096563
667, 0.013158775
667, 0.0118129905
667, 0.013126853
667, 0.011827134
667, 0.012831615
667, 0.011203708
667, 0.012891004
667, 0.011308885
668, 0.010885436
668, 0.010751353
668, 0.0108165825
668, 0.010849561
668, 0.010964227
668, 0.011746102
668, 0.011066455
668, 0.0120156985
669, 0.009910635
669, 0.009042707
669, 0.010074479
669, 0.009220302
669, 0.011121538
669, 0.009931235
669, 0.011311675
669, 0.010135053
670, 0.008548014
670, 0.008866093
670, 0.008781882
670, 0.009095717
670, 0.009538632
670, 0.009547501
670, 0.009607258
670, 0.009611845
671, 0.008977106
671, 0.0088932775
671, 0.009231229
671, 0.009053504
671, 0.009497282
671, 0.008988624
671, 0.009651317
671, 0.009048687
672, 0.008945099
672, 0.0089475075
672, 0.0088194255
672, 0.009038692
672, 0.008584693
672, 0.008712256
672, 0.008743139
672, 0.009087721
673, 0.009018833
673, 0.009274983
673, 0.009307274
673, 0.009444748
673, 0.009019604
673, 0.009473377
673, 0.009476226
673, 0.009811328
674, 0.009576307
674, 0.009337053
674, 0.009342421
674, 0.009139227
674, 0.009867296
674, 0.009810631
674, 0.00920591
674, 0.00918525
675, 0.009486006
675, 0.009528456
675, 0.009345074
675, 0.009285187
675, 0.009929651
675, 0.010090111
675, 0.009631603
675, 0.00968978
676, 0.009647072
676, 0.009984438
676, 0.009797608
676, 0.0097283805
676, 0.010204363
676, 0.01047526
676, 0.010863198
676, 0.010727053
677, 0.010371413
677, 0.010419309
677, 0.009727237
677, 0.009732488
677, 0.010685547
677, 0.010761887
677, 0.00992395
677, 0.0099576
678, 0.010602733
678, 0.010663644
678, 0.009620601
678, 0.01026297
678, 0.010614034
678, 0.010340558
678, 0.009824287
678, 0.010132058
679, 0.010107345
679, 0.010017244
679, 0.010041469
679, 0.009590838
679, 0.010195656
679, 0.0102797365
679, 0.010060608
679, 0.009784028
680, 0.009645592
680, 0.009589332
680, 0.009183897
680, 0.009275528
680, 0.009709137
680, 0.009361863
680, 0.009296189
680, 0.00909686
681, 0.009437817
681, 0.009319281
681, 0.009256007
681, 0.009184705
681, 0.009064453
681, 0.0088637
681, 0.008710327
681, 0.00855681
682, 0.009240941
682, 0.00899684
682, 0.009059903
682, 0.008818279
682, 0.008902311
682, 0.008607145
682, 0.008465395
682, 0.008172881
683, 0.00762944
683, 0.0077757454
683, 0.0073631955
683, 0.007350278
683, 0.008277228
683, 0.008918614
683, 0.007862167
683, 0.008343893
684, 0.0078067794
684, 0.007689092
684, 0.0072647445
684, 0.007109819
684, 0.009001034
684, 0.008579423
684, 0.008370401
684, 0.007911662
685, 0.007777795
685, 0.0079774
685, 0.007519726
685, 0.007628618
685, 0.007672609
685, 0.007466515
685, 0.007663984
685, 0.007367278
686, 0.008349254
686, 0.008081105
686, 0.00810115
686, 0.007867735
686, 0.008218786
686, 0.008904956
686, 0.008081087
686, 0.0088018
687, 0.00834166
687, 0.00805358
687, 0.007638795
687, 0.0075733154
687, 0.009936957
687, 0.008739612
687, 0.008982608
687, 0.008008941
688, 0.007827149
688, 0.0073692445
688, 0.007524732
688, 0.006889848
688, 0.0071755857
688, 0.0064929924
688, 0.006880578
688, 0.006021286
689, 0.007161273
689, 0.008097772
689, 0.0064407117
689, 0.007304799
689, 0.0064415955
689, 0.0075869556
689, 0.0056169447
689, 0.0066896537
690, 0.008059206
690, 0.007746027
690, 0.0072737327
690, 0.007026894
690, 0.0077921813
690, 0.0075332103
690, 0.0069967723
690, 0.006804101
691, 0.0074883825
691, 0.0076204147
691, 0.0069681043
691, 0.0071872342
691, 0.007371766
691, 0.007726672
691, 0.006813361
691, 0.0072552506
692, 0.0076695164
692, 0.007783215
692, 0.0072545037
692, 0.0073542744
692, 0.007542834
692, 0.007548828
692, 0.0071888007
692, 0.0071809115
693, 0.007824665
693, 0.0077424753
693, 0.0073648538
693, 0.0074221212
693, 0.007662728
693, 0.0075957803
693, 0.0074128006
693, 0.0074852463
694, 0.0051527675
694, 0.0053197467
694, 0.0045894347
694, 0.0047523784
694, 0.0059199575
694, 0.0058935443
694, 0.0052549946
694, 0.005224637
695, 0.005455109
695, 0.0052514155
695, 0.0049099666
695, 0.0046114926
695, 0.0058361664
695, 0.005237304
695, 0.0050756223
695, 0.0043823216
696, 0.00600625
696, 0.0066127023
696, 0.0053740875
696, 0.0059930524
696, 0.0058280444
696, 0.00701713
696, 0.0050966963
696, 0.0062979464
697, 0.0068628215
697, 0.0060817865
697, 0.005852116
697, 0.005445749
697, 0.007323069
697, 0.006043439
697, 0.0063107037
697, 0.0054061012
698, 0.005592772
698, 0.0059500965
698, 0.005238001
698, 0.005506296
698, 0.0056155883
698, 0.006074104
698, 0.0051066373
698, 0.0054760384
699, 0.0059880717
699, 0.005323216
699, 0.005618944
699, 0.005131877
699, 0.0056695645
699, 0.004923422
699, 0.005477045
699, 0.004908504
700, 0.004737637
700, 0.0050882627
700, 0.0047220523
700, 0.0048643947
700, 0.00440405
700, 0.004953191
700, 0.0046014218
700, 0.004942523
701, 0.005090932
701, 0.0052726944
701, 0.0047453917
701, 0.0050507765
701, 0.005293748
701, 0.0055057835
701, 0.005101195
701, 0.005436956
702, 0.0055256197
702, 0.005947812
702, 0.005324101
702, 0.0055681285
702, 0.0056679174
702, 0.006029373
702, 0.0055197277
702, 0.0057030474
703, 0.0059816875
703, 0.0058168215
703, 0.005687881
703, 0.0055270344
703, 0.005988722
703, 0.00609856
703, 0.005711311
703, 0.0058251107
704, 0.005434743
704, 0.0051634805
704, 0.005095943
704, 0.0047071893
704, 0.006120174
704, 0.0058896886
704, 0.005738536
704, 0.005390482
705, 0.0045929477
705, 0.004295796
705, 0.004627132
705, 0.0043272865
705, 0.004565482
705, 0.0040519754
705, 0.0045568617
705, 0.0040406785
706, 0.004324338
706, 0.00409626
706, 0.00429743
706, 0.00425035
706, 0.004030569
706, 0.004239783
706, 0.0039674905
706, 0.0043576644
707, 0.0045932545
707, 0.0048069856
707, 0.004250409
707, 0.0046039172
707, 0.004710804
707, 0.0046046963
707, 0.0043458403
707, 0.0043795095
708, 0.004496274
708, 0.004576492
708, 0.0043300665
708, 0.0041399384
708, 0.004349212
708, 0.004314008
708, 0.004314359
708, 0.0040088114
709, 0.004105805
709, 0.0035337736
709, 0.0038032131
709, 0.0032865342
709, 0.0038279225
709, 0.003535879
709, 0.0034561458
709, 0.0032194094
710, 0.0037010603
710, 0.004281629
710, 0.003138574
710, 0.0036924744
710, 0.003797266
710, 0.0042420966
710, 0.0032746037
710, 0.00369284
711, 0.004226683
711, 0.0040850076
711, 0.004160721
711, 0.0038859737
711, 0.0042016576
711, 0.00405986
711, 0.0041512605
711, 0.003876362
712, 0.0038279234
712, 0.004380631
712, 0.003861904
712, 0.004733165
712, 0.003921503
712, 0.004445621
712, 0.0038551595
712, 0.0046977936
713, 0.004703505
713, 0.004749481
713, 0.00475008
713, 0.004802109
713, 0.0046688216
713, 0.004977113
713, 0.004699002
713, 0.005013353
714, 0.0050520007
714, 0.005196889
714, 0.0050135795
714, 0.005039895
714, 0.005154253
714, 0.005049796
714, 0.005299756
714, 0.0050766827
715, 0.0051769284
715, 0.004797551
715, 0.0053783385
715, 0.0048492095
715, 0.0050796284
715, 0.00478642
715, 0.005197316
715, 0.004754463
716, 0.0052223327
716, 0.004727713
716, 0.005458173
716, 0.0049502533
716, 0.0049042427
716, 0.0044018137
716, 0.0051215165
716, 0.0046058004
717, 0.0043864367
717, 0.004112255
717, 0.0046883915
717, 0.0042042686
717, 0.0038520787
717, 0.003512066
717, 0.00397233
717, 0.0034227322
718, 0.0034190947
718, 0.0028669932
718, 0.0030507545
718, 0.002488212
718, 0.0029975823
718, 0.002679819
718, 0.0029031332
718, 0.0025749078
719, 0.00216576
719, 0.0019181711
719, 0.0017845279
719, 0.0015411399
719, 0.0023940434
719, 0.00225232
719, 0.0019225338
719, 0.001785016
720, 0.0023199348
720, 0.002886902
720, 0.0020572194
720, 0.002786239
720, 0.0022403416
720, 0.0025167104
720, 0.0018970151
720, 0.0023353319
721, 0.0031073713
721, 0.0032096475
721, 0.0032251137
721, 0.0032818536
721, 0.0028605908
721, 0.0031325393
721, 0.0028359394
721, 0.003062347
722, 0.003840747
722, 0.0042900117
722, 0.0038464635
722, 0.0042267963
722, 0.0039936486
722, 0.004535136
722, 0.004137748
722, 0.004610233
723, 0.004820095
723, 0.0057809874
723, 0.004851358
723, 0.00574826
723, 0.005033992
723, 0.0059732455
723, 0.0051259995
723, 0.006001364
724, 0.0052784374
724, 0.0048227184
724, 0.005172922
724, 0.0048458087
724, 0.0053685643
724, 0.004866101
724, 0.005306721
724, 0.004932881
725, 0.0047018463
725, 0.004779347
725, 0.004735803
725, 0.004757029
725, 0.0048485342
725, 0.0049813497
725, 0.004808431
725, 0.004884991
726, 0.0054705837
726, 0.0053379205
726, 0.005420454
726, 0.005461188
726, 0.005408021
726, 0.0050507854
726, 0.0054295138
726, 0.005245576
727, 0.004259899
727, 0.004679437
727, 0.0039350153
727, 0.004238569
727, 0.0048068026
727, 0.0050011496
727, 0.0047046216
727, 0.0047831447
728, 0.0043056738
728, 0.003980185
728, 0.0044458034
728, 0.0044428166
728, 0.004267741
728, 0.0043486417
728, 0.004233829
728, 0.004637071
729, 0.003681765
729, 0.0033525224
729, 0.004061575
729, 0.0038261227
729, 0.0043617594
729, 0.00426878
729, 0.0047001415
729, 0.004701045
730, 0.0028486007
730, 0.002910564
730, 0.003466061
730, 0.003497783
730, 0.0040557943
730, 0.004154672
730, 0.004761397
730, 0.0048300494
731, 0.002879991
731, 0.0028380475
731, 0.0034687684
731, 0.0033960345
731, 0.004026747
731, 0.0034432076
731, 0.004561989
731, 0.003947456
732, 0.0032253899
732, 0.003493781
732, 0.0036639753
732, 0.0039889226
732, 0.0034830836
732, 0.0034815199
732, 0.0039512813
732, 0.004006198
733, 0.0045099263
733, 0.004534343
733, 0.0048588584
733, 0.0045780083
733, 0.0037060801
733, 0.0037780427
733, 0.0040942566
733, 0.0038615102
734, 0.004670023
734, 0.004896399
734, 0.00453914
734, 0.004848945
734, 0.004661966
734, 0.0052504395
734, 0.004674572
734, 0.005346617
735, 0.0046906997
735, 0.005070128
735, 0.0051058335
735, 0.005473538
735, 0.005504508
735, 0.0056938506
735, 0.0058180643
735, 0.005995582
736, 0.005075952
736, 0.0046983687
736, 0.0053920113
736, 0.0047707944
736, 0.0053806403
736, 0.005073014
736, 0.005492595
736, 0.004941371
737, 0.004745506
737, 0.0044413377
737, 0.004344449
737, 0.004220299
737, 0.005076328
737, 0.0048405128
737, 0.0047284523
737, 0.004672668
738, 0.0041141636
738, 0.0045992616
738, 0.0055067926
738, 0.005522159
738, 0.00508011
738, 0.0056291106
738, 0.006120973
738, 0.006199788
739, 0.0052932426
739, 0.0056532896
739, 0.0057547684
739, 0.0060041165
739, 0.0053426535
739, 0.0051678303
739, 0.0058896285
739, 0.005604086
740, 0.0054293144
740, 0.0053978846
740, 0.005605368
740, 0.005497164
740, 0.005010766
740, 0.005070355
740, 0.0051938603
740, 0.005176739
741, 0.00529213
741, 0.005343075
741, 0.0053215367
741, 0.005205827
741, 0.005273776
741, 0.0052777114
741, 0.005106864
741, 0.004944184
742, 0.005032529
742, 0.004447804
742, 0.0049086823
742, 0.0045811445
742, 0.004968524
742, 0.004582808
742, 0.0047898595
742, 0.0046613603
743, 0.004310746
743, 0.0045801825
743, 0.004583192
743, 0.0047352617
743, 0.0047278395
743, 0.005254605
743, 0.0050865747
743, 0.005495922
744, 0.0053242543
744, 0.0047082864
744, 0.005409339
744, 0.0050587216
744, 0.005484532
744, 0.00488473
744, 0.0058820695
744, 0.0055471146
745, 0.0044409917
745, 0.004703098
745, 0.0047230064
745, 0.004999563
745, 0.0051478394
745, 0.0052144723
745, 0.005347621
745, 0.0054286076
746, 0.004848974
746, 0.0053495113
746, 0.004892286
746, 0.0054811165
746, 0.005283911
746, 0.005704191
746, 0.0051439875
746, 0.0056524742
747, 0.0051621506
747, 0.0044848667
747, 0.0055062138
747, 0.004961867
747, 0.005294116
747, 0.0047400547
747, 0.005938009
747, 0.005516797
748, 0.003935988
748, 0.0039171544
748, 0.0048567
748, 0.0050211116
748, 0.0044517987
748, 0.00454087
748, 0.0054503037
748, 0.005722856
749, 0.010130464
749, 0.009259494
749, 0.010233515
749, 0.009363435
749, 0.010538095
749, 0.009286124
749, 0.010718066
749, 0.009466807
750, 0.008335665
750, 0.0073770005
750, 0.008459029
750, 0.0074470146
750, 0.008101065
750, 0.007316514
750, 0.0083684465
750, 0.0075305235
751, 0.006389636
751, 0.006759969
751, 0.0069403
751, 0.0074459543
751, 0.006305855
751, 0.0061557037
751, 0.0069512865
751, 0.0069361655
752, 0.006572253
752, 0.006054417
752, 0.007841402
752, 0.007298165
752, 0.005690432
752, 0.005169407
752, 0.006776647
752, 0.0062304
753, 0.005657227
753, 0.0054853056
753, 0.006686758
753, 0.006392582
753, 0.0052959356
753, 0.0058993814
753, 0.006422018
753, 0.0069037955
754, 0.0057290997
754, 0.0057789274
754, 0.0062279357
754, 0.0062972847
754, 0.0064442544
754, 0.0060825376
754, 0.006655611
754, 0.0063134497
755, 0.0064836633
755, 0.0064682574
755, 0.0063086636
755, 0.0063763517
755, 0.0065006255
755, 0.0066302787
755, 0.0063549927
755, 0.0065677287
756, 0.0064802477
756, 0.0069821235
756, 0.006503549
756, 0.007007022
756, 0.0067127333
756, 0.0070628207
756, 0.006806896
756, 0.007158652
757, 0.006825888
757, 0.0068987627
757, 0.0072951387
757, 0.00713846
757, 0.0067709885
757, 0.007085851
757, 0.0071594575
757, 0.00724489
758, 0.0077261743
758, 0.009109365
758, 0.007989177
758, 0.009451634
758, 0.008287569
758, 0.009434964
758, 0.008333507
758, 0.009559934
759, 0.009888218
759, 0.010044826
759, 0.010096284
759, 0.010363057
759, 0.010307243
759, 0.010831179
759, 0.010771322
759, 0.0114059355
760, 0.009802686
760, 0.008918104
760, 0.009360091
760, 0.008804577
760, 0.0088280905
760, 0.008231151
760, 0.008450922
760, 0.008182828
761, 0.009329305
761, 0.010433719
761, 0.009896444
761, 0.010984656
761, 0.008679581
761, 0.009978557
761, 0.009187478
761, 0.010470287
762, 0.010935599
762, 0.010875298
762, 0.011205696
762, 0.011346925
762, 0.010604659
762, 0.010456108
762, 0.010951918
762, 0.011004906
763, 0.011200258
763, 0.011276222
763, 0.01106771
763, 0.011185233
763, 0.010381857
763, 0.010514614
763, 0.0105359815
763, 0.01071017
764, 0.011181569
764, 0.011024862
764, 0.011663199
764, 0.011481741
764, 0.01059043
764, 0.009995846
764, 0.01050608
764, 0.009886921
765, 0.010100425
765, 0.009045429
765, 0.010532773
765, 0.009746179
765, 0.009055437
765, 0.00880138
765, 0.0094879195
765, 0.009502343
766, 0.008302589
766, 0.008393114
766, 0.009299155
766, 0.009124994
766, 0.008451011
766, 0.00813649
766, 0.009462934
766, 0.008883441
767, 0.0083679855
767, 0.008066117
767, 0.008842708
767, 0.008208676
767, 0.008293331
767, 0.00855781
767, 0.008764001
767, 0.0086962795
768, 0.008547116
768, 0.009132356
768, 0.008528573
768, 0.009162576
768, 0.008738178
768, 0.008840397
768, 0.008836469
768, 0.00898741
769, 0.009389965
769, 0.009146767
769, 0.0091029955
769, 0.008728173
769, 0.009095129
769, 0.00869494
769, 0.009049755
769, 0.008517889
770, 0.008949112
770, 0.009794091
770, 0.008311089
770, 0.009038723
770, 0.008856649
770, 0.009367374
770, 0.008045001
770, 0.00843827
771, 0.009195065
771, 0.009796175
771, 0.009523167
771, 0.009976028
771, 0.008228259
771, 0.009340554
771, 0.008520104
771, 0.009484255
772, 0.011014607
772, 0.011052365
772, 0.01090853
772, 0.010464933
772, 0.010280162
772, 0.009951784
772, 0.010076815
772, 0.009267904
773, 0.010876495
773, 0.011279214
773, 0.010242881
773, 0.010906612
773, 0.010183286
773, 0.0113886995
773, 0.009384733
773, 0.010850334
774, 0.01099201
774, 0.011268112
774, 0.010844596
774, 0.011171408
774, 0.0111232465
774, 0.010746805
774, 0.01099763
774, 0.010671949
775, 0.011960223
775, 0.012146144
775, 0.011753965
775, 0.012115736
775, 0.010436846
775, 0.010619341
775, 0.010504891
775, 0.010862935
776, 0.0119094215
776, 0.012375751
776, 0.012029486
776, 0.012376159
776, 0.010788665
776, 0.010895973
776, 0.010948357
776, 0.010936175
777, 0.01216786
777, 0.011252208
777, 0.012160363
777, 0.011350758
777, 0.011184229
777, 0.011135354
777, 0.01133091
777, 0.0113879815
778, 0.01049962
778, 0.009623348
778, 0.0109602185
778, 0.010360905
778, 0.010754162
778, 0.009878723
778, 0.011250999
778, 0.010652661
779, 0.009132662
779, 0.008866538
779, 0.009695311
779, 0.009412192
779, 0.009399371
779, 0.009434574
779, 0.010181408
779, 0.010199669
780, 0.008505816
780, 0.008204883
780, 0.009302306
780, 0.00903437
780, 0.009388431
780, 0.008928442
780, 0.010025254
780, 0.009598278
781, 0.007963427
781, 0.008354766
781, 0.008965524
781, 0.009219119
781, 0.008208507
781, 0.007657249
781, 0.00892059
781, 0.008231046
782, 0.009103871
782, 0.008778084
782, 0.008894401
782, 0.008534403
782, 0.009971364
782, 0.008865916
782, 0.009785866
782, 0.008646283
783, 0.009066546
783, 0.008694628
783, 0.008556149
783, 0.008852332
783, 0.008458114
783, 0.007814557
783, 0.008250129
783, 0.008274105
784, 0.008681929
784, 0.009734645
784, 0.009516779
784, 0.009895268
784, 0.0078622885
784, 0.009111099
784, 0.008824879
784, 0.009400137
785, 0.009650556
785, 0.009197094
785, 0.009634185
785, 0.009408809
785, 0.009348049
785, 0.009386156
785, 0.009040468
785, 0.0093064355
786, 0.009775077
786, 0.01107058
786, 0.009503384
786, 0.01070771
786, 0.009787532
786, 0.010728726
786, 0.009745561
786, 0.010595938
787, 0.011911081
787, 0.0128248455
787, 0.012097099
787, 0.01308174
787, 0.011472443
787, 0.01204356
787, 0.011723065
787, 0.012365017
788, 0.012636724
788, 0.011220704
788, 0.012868423
788, 0.011262535
788, 0.0122896135
788, 0.01132611
788, 0.012387508
788, 0.011234353
789, 0.010945039
789, 0.011780066
789, 0.010896786
789, 0.01177419
789, 0.010819471
789, 0.010826873
789, 0.010675672
789, 0.010725397
790, 0.011277976
790, 0.010126096
790, 0.011083786
790, 0.009981983
790, 0.010288007
790, 0.00951731
790, 0.009932673
790, 0.009212122
791, 0.009752925
791, 0.00972679
791, 0.009407432
791, 0.0092817275
791, 0.009143897
791, 0.009360217
791, 0.008708208
791, 0.008824932
792, 0.009796969
792, 0.009446608
792, 0.009519756
792, 0.009199202
792, 0.009606368
792, 0.0100681735
792, 0.009355176
792, 0.009846641
793, 0.008424917
793, 0.008487486
793, 0.0088227745
793, 0.009189897
793, 0.008814597
793, 0.008747559
793, 0.0088108
793, 0.009048106
794, 0.0088164145
794, 0.0094857
794, 0.009589496
794, 0.00992942
794, 0.009214949
794, 0.009998192
794, 0.009795084
794, 0.010248799
795, 0.010001158
795, 0.009571633
795, 0.00933376
795, 0.008944692
795, 0.010356755
795, 0.009292354
795, 0.009994775
795, 0.008970821
796, 0.009653005
796, 0.0104304105
796, 0.009462427
796, 0.010061399
796, 0.008759548
796, 0.009755955
796, 0.008982773
796, 0.009801266
797, 0.010504657
797, 0.010651982
797, 0.011177468
797, 0.011276268
797, 0.010047758
797, 0.010250181
797, 0.0101290215
797, 0.010282877
798, 0.011100665
798, 0.011351481
798, 0.010759855
798, 0.010807975
798, 0.01101026
798, 0.011681326
798, 0.010638335
798, 0.011106572
799, 0.011011513
799, 0.010041469
799, 0.01048687
799, 0.009774171
799, 0.011403784
799, 0.009657418
799, 0.011033989
799, 0.009545006
800, 0.009685376
800, 0.009914301
800, 0.009366919
800, 0.009551199
800, 0.009064376
800, 0.009608281
800, 0.008829944
800, 0.00932921
801, 0.009379597
801, 0.008852944
801, 0.009130196
801, 0.008637245
801, 0.009042277
801, 0.008248719
801, 0.008642518
801, 0.007882786
802, 0.008347146
802, 0.008063841
802, 0.008066025
802, 0.0078912815
802, 0.0077035814
802, 0.007601124
802, 0.0076105054
802, 0.0076165213
803, 0.008244527
803, 0.008320868
803, 0.007965313
803, 0.00810085
803, 0.0079928255
803, 0.008571562
803, 0.007934521
803, 0.0085725
804, 0.008426889
804, 0.009427855
804, 0.0078734895
804, 0.008734944
804, 0.0076280404
804, 0.008943357
804, 0.007287031
804, 0.008463144
805, 0.009771118
805, 0.00900694
805, 0.008930343
805, 0.008056335
805, 0.009720422
805, 0.008908522
805, 0.008834598
805, 0.007913017
806, 0.008012601
806, 0.007855392
806, 0.007903976
806, 0.008083333
806, 0.0087783905
806, 0.009279173
806, 0.008427067
806, 0.00926476
807, 0.00868201
807, 0.009767127
807, 0.00892301
807, 0.009896764
807, 0.009745386
807, 0.010049094
807, 0.009741996
807, 0.009934175
808, 0.010784673
808, 0.009694262
808, 0.009941717
808, 0.008586003
808, 0.010018801
808, 0.009611262
808, 0.009602592
808, 0.008929311
809, 0.007949197
809, 0.0070802746
809, 0.0072302367
809, 0.006484642
809, 0.008940271
809, 0.008056944
809, 0.008445125
809, 0.007685114
810, 0.0067585073
810, 0.00735968
810, 0.005988264
810, 0.007014642
810, 0.008024744
810, 0.008428923
810, 0.007268855
810, 0.008099049
811, 0.0076565337
811, 0.0076719974
811, 0.0074641197
811, 0.007251867
811, 0.008398149
811, 0.008319021
811, 0.008063882
811, 0.007756928
812, 0.0075409967
812, 0.007804307
812, 0.007303669
812, 0.0077184592
812, 0.007825111
812, 0.007907949
812, 0.007738475
812, 0.007972895
813, 0.0076167337
813, 0.007502214
813, 0.0076094647
813, 0.007447151
813, 0.007988801
813, 0.0077821836
813, 0.0078951
813, 0.0076406808
814, 0.007452505
814, 0.007484545
814, 0.007389763
814, 0.0072860923
814, 0.007547222
814, 0.0073319296
814, 0.0072146216
814, 0.006863709
815, 0.0060773324
815, 0.00609053
815, 0.0054761833
815, 0.005391456
815, 0.0055099893
815, 0.00567017
815, 0.004901427
815, 0.004963695
816, 0.0060002026
816, 0.005332089
816, 0.005346842
816, 0.004986641
816, 0.005923739
816, 0.005913624
816, 0.0054414677
816, 0.005739013
817, 0.0060340962
817, 0.007614947
817, 0.0057185725
817, 0.0069322623
817, 0.0068620816
817, 0.00783027
817, 0.0063258642
817, 0.006926837
818, 0.008068132
818, 0.0067992467
818, 0.006915454
818, 0.0056079444
818, 0.008028635
818, 0.007335687
818, 0.006865429
818, 0.0061333906
819, 0.0061821113
819, 0.006175847
819, 0.005191242
819, 0.0055182334
819, 0.006777141
819, 0.0062799626
819, 0.0061151334
819, 0.0059514535
820, 0.005632493
820, 0.0050982083
820, 0.005386644
820, 0.004793847
820, 0.005945602
820, 0.0054572136
820, 0.005532343
820, 0.0049854447
821, 0.004646476
821, 0.005410034
821, 0.004431949
821, 0.0049311323
821, 0.005105812
821, 0.0059543718
821, 0.004643074
821, 0.005226759
822, 0.00588857
822, 0.006077886
822, 0.005325399
822, 0.0057117185
822, 0.006193286
822, 0.0065246862
822, 0.0056912927
822, 0.0062197237
823, 0.0064195083
823, 0.006915253
823, 0.0060202256
823, 0.0064638415
823, 0.007194685
823, 0.008045617
823, 0.006880898
823, 0.007679634
824, 0.0069289305
824, 0.0068509905
824, 0.006544688
824, 0.006543624
824, 0.007971242
824, 0.0072877673
824, 0.007562758
824, 0.006956384
825, 0.006622748
825, 0.006135203
825, 0.006263907
825, 0.0057401042
825, 0.0064372486
825, 0.005650964
825, 0.006110632
825, 0.005288162
826, 0.0046473905
826, 0.0041190404
826, 0.0046571717
826, 0.004259007
826, 0.0046504037
826, 0.004360836
826, 0.0048175473
826, 0.0046581407
827, 0.004184725
827, 0.0047519
827, 0.0041208193
827, 0.0046857046
827, 0.00455296
827, 0.00479539
827, 0.00427643
827, 0.004516496
828, 0.00501351
828, 0.004516221
828, 0.0044721635
828, 0.003967708
828, 0.004650767
828, 0.003866628
828, 0.0042328252
828, 0.0034415156
829, 0.00411732
829, 0.0036962975
829, 0.0038595756
829, 0.0035339603
829, 0.0034778367
829, 0.0033448664
829, 0.0032454794
829, 0.0032077942
830, 0.0034288843
830, 0.0034951938
830, 0.003189425
830, 0.0032122347
830, 0.0036771258
830, 0.0038446463
830, 0.00336806
830, 0.0034920054
831, 0.0037673225
831, 0.0040606465
831, 0.0033641844
831, 0.0037033653
831, 0.0038729152
831, 0.0040833373
831, 0.0035529442
831, 0.0038092795
832, 0.0040319026
832, 0.0039563784
832, 0.004124116
832, 0.003971998
832, 0.0038898955
832, 0.003846115
832, 0.0038253472
832, 0.0037050173
833, 0.0038607754
833, 0.0042230035
833, 0.003860177
833, 0.0041339486
833, 0.0038835297
833, 0.0041997083
833, 0.0038280853
833, 0.0040557864
834, 0.004371848
834, 0.0048973374
834, 0.0040233578
834, 0.004627402
834, 0.0044619986
834, 0.00470317
834, 0.0042080963
834, 0.0045280163
835, 0.005153451
835, 0.005187419
835, 0.0050407997
835, 0.005025689
835, 0.0048033763
835, 0.005306076
835, 0.0045736274
835, 0.0050271684
836, 0.005264187
836, 0.004937907
836, 0.005233891
836, 0.0048248656
836, 0.005390846
836, 0.004961503
836, 0.0054866867
836, 0.0049744793
837, 0.004695159
837, 0.0044237394
837, 0.0045951665
837, 0.00456445
837, 0.004883964
837, 0.004564705
837, 0.0048233555
837, 0.0047449055
838, 0.003848111
838, 0.0035575912
838, 0.0039579533
838, 0.0034722837
838, 0.003640013
838, 0.0033545839
838, 0.0038277213
838, 0.003347229
839, 0.0030040063
839, 0.0024831623
839, 0.003058015
839, 0.0025942407
839, 0.003083254
839, 0.002715868
839, 0.0030716932
839, 0.002761421
840, 0.002375594
840, 0.002306786
840, 0.0021160292
840, 0.0021828893
840, 0.0025322204
840, 0.0022865038
840, 0.0023615388
840, 0.0022515086
841, 0.00222582
841, 0.0023730271
841, 0.0021275256
841, 0.0021351483
841, 0.002432537
841, 0.0025899366
841, 0.0023144132
841, 0.0023321512
842, 0.0027716204
842, 0.0031024464
842, 0.0025336884
842, 0.0027779953
842, 0.0029265964
842, 0.003214717
842, 0.0026460537
842, 0.0028476252
843, 0.003994854
843, 0.004613541
843, 0.0039332923
843, 0.004514776
843, 0.003466686
843, 0.0038116677
843, 0.0032240653
843, 0.0035319054
844, 0.004970399
844, 0.00523898
844, 0.0049834466
844, 0.005330133
844, 0.00438142
844, 0.004584163
844, 0.0043771053
844, 0.0046578986
845, 0.004740653
845, 0.0045210063
845, 0.004698314
845, 0.004337266
845, 0.0045848656
845, 0.0045691216
845, 0.0045530275
845, 0.004395745
846, 0.0046616956
846, 0.0051015364
846, 0.004359618
846, 0.004940742
846, 0.0043910947
846, 0.0049979393
846, 0.0042580147
846, 0.0050062286
847, 0.0055461745
847, 0.005113166
847, 0.005462779
847, 0.004977244
847, 0.005651238
847, 0.005285846
847, 0.0055087404
847, 0.005090876
848, 0.005263817
848, 0.005008688
848, 0.0054229773
848, 0.005311062
848, 0.0054899785
848, 0.0051997243
848, 0.0055634845
848, 0.005416364
849, 0.0045472346
849, 0.005427027
849, 0.004802827
849, 0.005468193
849, 0.0049283477
849, 0.005761705
849, 0.005148512
849, 0.0057673156
850, 0.0055791927
850, 0.0058639743
850, 0.0055222246
850, 0.005719621
850, 0.0057298117
850, 0.006121198
850, 0.005817207
850, 0.0061212867
851, 0.005600822
851, 0.005301468
851, 0.00573642
851, 0.0055944477
851, 0.006040939
851, 0.00557164
851, 0.006202915
851, 0.00589102
852, 0.0050151697
852, 0.0042756214
852, 0.0052060545
852, 0.004487719
852, 0.0055154418
852, 0.0050797686
852, 0.0057385806
852, 0.005324156
853, 0.004122622
853, 0.0041305716
853, 0.0043499693
853, 0.0043515037
853, 0.004892841
853, 0.004954806
853, 0.005220899
853, 0.0052764607
854, 0.004373917
854, 0.004543201
854, 0.004565872
854, 0.0049463473
854, 0.005252189
854, 0.0053998157
854, 0.005378005
854, 0.0057369745
855, 0.0054437043
855, 0.0055294624
855, 0.0058837803
855, 0.00581521
855, 0.005788415
855, 0.0055551366
855, 0.0060705994
855, 0.0056832046
856, 0.0058699036
856, 0.006275651
856, 0.006192042
856, 0.0065136296
856, 0.0060590818
856, 0.0066615078
856, 0.0062853373
856, 0.00680356
857, 0.005845107
857, 0.005661175
857, 0.005958194
857, 0.005754271
857, 0.006516547
857, 0.006384551
857, 0.0066613965
857, 0.006509407
858, 0.005605819
858, 0.005249367
858, 0.005631537
858, 0.0053088423
858, 0.0062537263
858, 0.0057762107
858, 0.006384955
858, 0.0059410753
859, 0.00573066
859, 0.006280667
859, 0.0066547473
859, 0.006979394
859, 0.006021107
859, 0.00626171
859, 0.0072511802
859, 0.007266331
860, 0.005948026
860, 0.0054051057
860, 0.006621573
860, 0.0057234894
860, 0.0059269904
860, 0.005339842
860, 0.0064647268
860, 0.00552262
861, 0.0053142854
861, 0.005493414
861, 0.005234351
861, 0.005187459
861, 0.0054359296
861, 0.0059878174
861, 0.0052946783
861, 0.0056204437
862, 0.0055834022
862, 0.0054691327
862, 0.0050159134
862, 0.004989131
862, 0.006206416
862, 0.0058174045
862, 0.005708382
862, 0.0054070284
863, 0.005280148
863, 0.0050833197
863, 0.0049977396
863, 0.0048817177
863, 0.005857873
863, 0.0061482196
863, 0.0055428455
863, 0.0059140013
864, 0.0053045456
864, 0.0058696647
864, 0.0054903273
864, 0.0062232134
864, 0.006329992
864, 0.0064514065
864, 0.006528391
864, 0.0068176803
865, 0.0061509
865, 0.006245918
865, 0.006606135
865, 0.006668469
865, 0.0062570283
865, 0.006365021
865, 0.006362904
865, 0.006438108
866, 0.0065095266
866, 0.005789668
866, 0.006412685
866, 0.0058982787
866, 0.006308227
866, 0.005748143
866, 0.0062157298
866, 0.0058608437
867, 0.0054936986
867, 0.005870156
867, 0.0054128403
867, 0.0059505245
867, 0.005750563
867, 0.0056986744
867, 0.0059577907
867, 0.0060673775
868, 0.0053871362
868, 0.0052816365
868, 0.006082256
868, 0.005739189
868, 0.005434709
868, 0.0057509043
868, 0.006013968
868, 0.006092703
869, 0.005322652
869, 0.0052363626
869, 0.005904277
869, 0.0061926483
869, 0.006063516
869, 0.006022865
869, 0.006661926
869, 0.00699635
870, 0.010241571
870, 0.009381568
870, 0.009766471
870, 0.009125083
870, 0.009833622
870, 0.009046625
870, 0.009365043
870, 0.008796706
871, 0.008173574
871, 0.0070896875
871, 0.00823902
871, 0.0073228264
871, 0.00748692
871, 0.006531163
871, 0.007697291
871, 0.006908969
872, 0.0060353517
872, 0.0052717156
872, 0.006656271
872, 0.006029959
872, 0.005414945
872, 0.004186821
872, 0.0058879578
872, 0.004796946
873, 0.0048569147
873, 0.0048192623
873, 0.005702124
873, 0.0052760546
873, 0.0041595334
873, 0.004860712
873, 0.0048990645
873, 0.0052122036
874, 0.005303219
874, 0.0058813747
874, 0.005890746
874, 0.00674093
874, 0.0054295924
874, 0.0055991826
874, 0.0057799933
874, 0.006221236
875, 0.0063742134
875, 0.0064604105
875, 0.0064395256
875, 0.006378621
875, 0.0061657922
875, 0.006696984
875, 0.00614563
875, 0.006529605
876, 0.0067660967
876, 0.007214934
876, 0.006534128
876, 0.007021965
876, 0.006545196
876, 0.0070070024
876, 0.00673823
876, 0.0072393073
877, 0.007422902
877, 0.0072505428
877, 0.0073434887
877, 0.007277504
877, 0.0072452566
877, 0.0070920624
877, 0.007370299
877, 0.0073233414
878, 0.0071457205
878, 0.007864513
878, 0.0073229936
878, 0.007826304
878, 0.0077185347
878, 0.008623794
878, 0.0077481037
878, 0.008437539
879, 0.0087770205
879, 0.009104058
879, 0.008540603
879, 0.008607646
879, 0.00900467
879, 0.008367956
879, 0.008848473
879, 0.007951906
880, 0.009785541
880, 0.010544038
880, 0.009581791
880, 0.010409861
880, 0.008982367
880, 0.009975151
880, 0.008639856
880, 0.009701973
881, 0.0072280583
881, 0.00774726
881, 0.0065647652
881, 0.0073336493
881, 0.006705319
881, 0.007875449
881, 0.0059808097
881, 0.007400305
882, 0.0083252145
882, 0.009482075
882, 0.008444008
882, 0.0099064605
882, 0.008160911
882, 0.008707528
882, 0.008026292
882, 0.008877853
883, 0.009803346
883, 0.009371481
883, 0.010317321
883, 0.010050112
883, 0.008559732
883, 0.008160582
883, 0.00904148
883, 0.008806724
884, 0.009233999
884, 0.009073411
884, 0.009659374
884, 0.009762926
884, 0.008264149
884, 0.0077983104
884, 0.008644108
884, 0.008442082
885, 0.009163727
885, 0.008881464
885, 0.009353764
885, 0.008824258
885, 0.007829138
885, 0.008026594
885, 0.008227977
885, 0.008178495
886, 0.008227506
886, 0.008306701
886, 0.008633887
886, 0.008569099
886, 0.007747575
886, 0.0077819848
886, 0.0082192365
886, 0.008109649
887, 0.008219726
887, 0.00805304
887, 0.008587552
887, 0.008213684
887, 0.007743131
887, 0.0077760685
887, 0.0079539735
887, 0.007779843
888, 0.008113178
888, 0.00828317
888, 0.008205003
888, 0.0082627805
888, 0.0076871295
888, 0.0077167386
888, 0.007930284
888, 0.007847676
889, 0.008411189
889, 0.008440894
889, 0.008373265
889, 0.008238506
889, 0.007860023
889, 0.0076601272
889, 0.007906778
889, 0.007542438
890, 0.008482481
890, 0.0074505764
890, 0.008148172
890, 0.0073952028
890, 0.007743346
890, 0.0070378124
890, 0.007334365
890, 0.0069077313
891, 0.0075429524
891, 0.007660161
891, 0.0068212366
891, 0.0065520313
891, 0.0070887036
891, 0.0068472847
891, 0.0064812303
891, 0.005853683
892, 0.006577972
892, 0.008044516
892, 0.0075190864
892, 0.008057048
892, 0.0063773426
892, 0.007269826
892, 0.007353656
892, 0.0073173116
893, 0.008973771
893, 0.009299425
893, 0.00858499
893, 0.008890196
893, 0.0076725148
893, 0.008460079
893, 0.0075482754
893, 0.008315698
894, 0.009714693
894, 0.01081459
894, 0.009209218
894, 0.010369544
894, 0.009023349
894, 0.010088268
894, 0.008636542
894, 0.009762
895, 0.01062485
895, 0.010101237
895, 0.010552851
895, 0.010138275
895, 0.010121046
895, 0.009510706
895, 0.010013768
895, 0.0095124105
896, 0.009522742
896, 0.00967397
896, 0.009789366
896, 0.010070051
896, 0.009109769
896, 0.009244025
896, 0.009315727
896, 0.009579411
897, 0.00967187
897, 0.009040893
897, 0.009859869
897, 0.009078137
897, 0.009155315
897, 0.008280677
897, 0.00925511
897, 0.008229855
898, 0.009477048
898, 0.010051185
898, 0.009676225
898, 0.01040575
898, 0.008308279
898, 0.008843575
898, 0.008438514
898, 0.0091289645
899, 0.009976758
899, 0.009078426
899, 0.010457094
899, 0.009563194
899, 0.009038873
899, 0.008212798
899, 0.009470225
899, 0.008648652
900, 0.008696414
900, 0.008793364
900, 0.009248039
900, 0.00961955
900, 0.0078483755
900, 0.0078025046
900, 0.008306566
900, 0.008535037
901, 0.008853852
901, 0.008271381
901, 0.009559647
901, 0.009007888
901, 0.0077106794
901, 0.0073164413
901, 0.00843865
901, 0.008075186
902, 0.0073487577
902, 0.0062710945
902, 0.008228438
902, 0.0074860146
902, 0.006817281
902, 0.006154335
902, 0.007649534
902, 0.0073222066
903, 0.009285278
903, 0.0077516017
903, 0.009257163
903, 0.008409747
903, 0.008078012
903, 0.007313928
903, 0.008005723
903, 0.007927947
904, 0.0075041302
904, 0.007720595
904, 0.008118136
904, 0.0078027276
904, 0.007347378
904, 0.007976213
904, 0.007975092
904, 0.008072071
905, 0.007952479
905, 0.008660629
905, 0.008245422
905, 0.008832044
905, 0.008002913
905, 0.008283969
905, 0.008328738
905, 0.008488272
906, 0.009062767
906, 0.009477683
906, 0.008703185
906, 0.009230719
906, 0.008682638
906, 0.009198586
906, 0.008516516
906, 0.00914524
907, 0.00962208
907, 0.01019042
907, 0.009512128
907, 0.01008811
907, 0.009282349
907, 0.009325052
907, 0.009130225
907, 0.009180596
908, 0.010536208
908, 0.010487929
908, 0.01081912
908, 0.0110257575
908, 0.009408028
908, 0.009357596
908, 0.009537215
908, 0.009741493
909, 0.010789806
909, 0.010410574
909, 0.011153089
909, 0.0105081275
909, 0.009518102
909, 0.009297846
909, 0.009947696
909, 0.009462029
910, 0.010126295
910, 0.009496639
910, 0.010027418
910, 0.009355621
910, 0.009376457
910, 0.009066804
910, 0.0090777725
910, 0.008726129
911, 0.008970418
911, 0.008665312
911, 0.008523497
911, 0.007970167
911, 0.008785498
911, 0.008574711
911, 0.008442203
911, 0.007983095
912, 0.008374425
912, 0.008419181
912, 0.0075486507
912, 0.007728154
912, 0.008094081
912, 0.0075671445
912, 0.007360056
912, 0.0069681252
913, 0.008622666
913, 0.009566705
913, 0.008280046
913, 0.009236662
913, 0.0074910754
913, 0.0081049055
913, 0.00708575
913, 0.007712171
914, 0.008676697
914, 0.0088867685
914, 0.008263942
914, 0.008214008
914, 0.008086547
914, 0.008217417
914, 0.00775852
914, 0.0076294234
915, 0.0092490725
915, 0.009367787
915, 0.008878909
915, 0.009295382
915, 0.008297057
915, 0.008129663
915, 0.007802541
915, 0.007932736
916, 0.009526061
916, 0.00882396
916, 0.009270647
916, 0.008416873
916, 0.008463486
916, 0.008760588
916, 0.008327495
916, 0.008472749
917, 0.008285738
917, 0.009242008
917, 0.008394664
917, 0.009408157
917, 0.008628877
917, 0.009016181
917, 0.008624214
917, 0.009068563
918, 0.009564032
918, 0.009917958
918, 0.009575398
918, 0.009947763
918, 0.008992639
918, 0.009408745
918, 0.009074593
918, 0.009509187
919, 0.0106789805
919, 0.011337333
919, 0.01059022
919, 0.011285807
919, 0.009926701
919, 0.010549987
919, 0.009823816
919, 0.01048429
920, 0.011174348
920, 0.009508628
920, 0.011254341
920, 0.009537688
920, 0.010580678
920, 0.009518771
920, 0.010328518
920, 0.009216343
921, 0.008795194
921, 0.008703816
921, 0.00879293
921, 0.008759808
921, 0.008815034
921, 0.008116361
921, 0.008991754
921, 0.008351127
922, 0.007967993
922, 0.0071548535
922, 0.007971929
922, 0.007394508
922, 0.00783192
922, 0.0073464303
922, 0.008138651
922, 0.007889135
923, 0.006700827
923, 0.006704754
923, 0.007143715
923, 0.0069413497
923, 0.0067164274
923, 0.0064127436
923, 0.0070486926
923, 0.0065386947
924, 0.007270543
924, 0.008240986
924, 0.007315494
924, 0.008250958
924, 0.006684307
924, 0.00754632
924, 0.0066694287
924, 0.0074964142
925, 0.0073681097
925, 0.008283854
925, 0.0076183234
925, 0.008629631
925, 0.0076818913
925, 0.008093969
925, 0.0077628256
925, 0.008270345
926, 0.008975938
926, 0.008537059
926, 0.009051648
926, 0.008505318
926, 0.008445367
926, 0.008375318
926, 0.008742119
926, 0.008564577
927, 0.008574543
927, 0.008975713
927, 0.008852693
927, 0.009342107
927, 0.008407489
927, 0.008220041
927, 0.008435621
927, 0.008336295
928, 0.009423749
928, 0.009960191
928, 0.009712414
928, 0.010053162
928, 0.008557704
928, 0.009476253
928, 0.0086913435
928, 0.009414213
929, 0.009751998
929, 0.009779045
929, 0.009879588
929, 0.009679638
929, 0.009577408
929, 0.009524488
929, 0.009841638
929, 0.009561612
930, 0.009626727
930, 0.0090088155
930, 0.009488502
930, 0.008695705
930, 0.009122668
930, 0.00906742
930, 0.008965274
930, 0.008735203
931, 0.008849631
931, 0.008645604
931, 0.0081338035
931, 0.008402225
931, 0.008545337
931, 0.0075901896
931, 0.008227307
931, 0.007744053
932, 0.008379333
932, 0.008076302
932, 0.008089963
932, 0.007769504
932, 0.007797799
932, 0.0078253625
932, 0.007693688
932, 0.007703682
933, 0.007601979
933, 0.0078303795
933, 0.007717014
933, 0.008031408
933, 0.007982982
933, 0.008216679
933, 0.0076976223
933, 0.008017019
934, 0.008052657
934, 0.007678325
934, 0.008141989
934, 0.0077455863
934, 0.00797309
934, 0.007962329
934, 0.008066474
934, 0.008033663
935, 0.0075161634
935, 0.007346157
935, 0.0074010836
935, 0.0072336146
935, 0.007845305
935, 0.0075867353
935, 0.007779702
935, 0.0075236927
936, 0.0067232526
936, 0.0069035366
936, 0.0062847105
936, 0.0064516463
936, 0.008619359
936, 0.008652155
936, 0.008220035
936, 0.008239506
937, 0.007137643
937, 0.0072455322
937, 0.0067834686
937, 0.0067945924
937, 0.0087665925
937, 0.008237816
937, 0.008247763
937, 0.0076224483
938, 0.007939707
938, 0.008118461
938, 0.007063275
938, 0.0071230032
938, 0.008077742
938, 0.0077369404
938, 0.007413641
938, 0.006954106
939, 0.008093724
939, 0.0079880245
939, 0.007023782
939, 0.0068743974
939, 0.00774862
939, 0.007950539
939, 0.0069426666
939, 0.0071007367
940, 0.0077995555
940, 0.007421429
940, 0.0069510494
940, 0.006552524
940, 0.008365221
940, 0.008430256
940, 0.0070455074
940, 0.0070900503
941, 0.007143016
941, 0.0063106255
941, 0.006142591
941, 0.0053937905
941, 0.007817416
941, 0.006793648
941, 0.006926444
941, 0.0059862677
942, 0.0058819153
942, 0.0066863433
942, 0.005079042
942, 0.005878878
942, 0.0065811337
942, 0.007453512
942, 0.005848408
942, 0.006716266
943, 0.0068777995
943, 0.007114296
943, 0.006427479
943, 0.0067910166
943, 0.007862801
943, 0.007834325
943, 0.0073502995
943, 0.0074490895
944, 0.007714267
944, 0.008748008
944, 0.0074182237
944, 0.008512668
944, 0.007948584
944, 0.008683657
944, 0.0076214666
944, 0.008417252
945, 0.0087032635
945, 0.007969771
945, 0.008531767
945, 0.008128928
945, 0.008804783
945, 0.008919095
945, 0.0086353915
945, 0.00908048
946, 0.007340282
946, 0.0068482053
946, 0.0075288527
946, 0.006732847
946, 0.008758977
946, 0.008658933
946, 0.008976034
946, 0.008571714
947, 0.0056320257
947, 0.005525789
947, 0.005561613
947, 0.0055407844
947, 0.0064139096
947, 0.006242825
947, 0.0061301207
947, 0.006044442
948, 0.0056006033
948, 0.0052936925
948, 0.0050729774
948, 0.0048942454
948, 0.006281454
948, 0.0058771595
948, 0.005907763
948, 0.005631652
949, 0.005041671
949, 0.0042967377
949, 0.0046752244
949, 0.0040432573
949, 0.0057684625
949, 0.005402148
949, 0.0054387976
949, 0.0051854444
950, 0.0038867667
950, 0.0039610015
950, 0.0037301523
950, 0.0037684848
950, 0.0051504993
950, 0.0049264003
950, 0.004878979
950, 0.0046189963
951, 0.0042303186
951, 0.004012746
951, 0.0039089476
951, 0.0037770134
951, 0.0043669003
951, 0.0038140616
951, 0.0041465824
951, 0.0036793076
952, 0.003851845
952, 0.003894055
952, 0.0037411575
952, 0.0038372984
952, 0.0038380732
952, 0.003757879
952, 0.0037901693
952, 0.0037638964
953, 0.003755803
953, 0.0040132008
953, 0.0037833713
953, 0.0038923337
953, 0.0038308064
953, 0.004257441
953, 0.0038834512
953, 0.0041616014
954, 0.0042553707
954, 0.004479215
954, 0.0041434127
954, 0.0041683256
954, 0.004732335
954, 0.005255871
954, 0.0045147007
954, 0.0048391237
955, 0.004801096
955, 0.0051631955
955, 0.0043208273
955, 0.004455977
955, 0.005509756
955, 0.0059303166
955, 0.005028172
955, 0.005221651
956, 0.0053041847
956, 0.0061995136
956, 0.004449632
956, 0.005416253
956, 0.0061229626
956, 0.0069322363
956, 0.0054095597
956, 0.0062904246
957, 0.006326421
957, 0.005846822
957, 0.006024441
957, 0.0056173005
957, 0.0070322533
957, 0.0066513666
957, 0.006643429
957, 0.006335082
958, 0.005424008
958, 0.0051234495
958, 0.005237279
958, 0.0048849448
958, 0.005374241
958, 0.005305128
958, 0.0052887886
958, 0.005167901
959, 0.004350678
959, 0.0042060567
959, 0.0041873963
959, 0.0044708806
959, 0.005201088
959, 0.0054052235
959, 0.004952564
959, 0.0055851783
960, 0.0039163185
960, 0.003859036
960, 0.004351444
960, 0.0044374005
960, 0.0051438734
960, 0.0052305204
960, 0.00540607
960, 0.005636055
961, 0.0037236693
961, 0.0034141287
961, 0.0041476623
961, 0.0037137938
961, 0.0052032294
961, 0.005069359
961, 0.005643645
961, 0.0053853337
962, 0.0034315274
962, 0.0033272344
962, 0.0036221412
962, 0.0033985286
962, 0.004800623
962, 0.0042860834
962, 0.005284843
962, 0.004650604
963, 0.0035291375
963, 0.0037690806
963, 0.003514453
963, 0.0037797329
963, 0.004542891
963, 0.004806591
963, 0.004538372
963, 0.0048274323
964, 0.0039100973
964, 0.0040811454
964, 0.00397862
964, 0.0039797924
964, 0.0049364376
964, 0.00468554
964, 0.004992717
964, 0.004571798
965, 0.0044516367
965, 0.004321672
965, 0.004568422
965, 0.0044615422
965, 0.0047815554
965, 0.004782087
965, 0.004749191
965, 0.0047729164
966, 0.0044288603
966, 0.0044545326
966, 0.004600584
966, 0.004746944
966, 0.005016635
966, 0.0052734413
966, 0.0051790564
966, 0.005556638
967, 0.004402178
967, 0.005300445
967, 0.0047768694
967, 0.005574246
967, 0.005441666
967, 0.0060722632
967, 0.0057442547
967, 0.0062737144
968, 0.005890082
968, 0.0056009186
968, 0.0058523878
968, 0.005388467
968, 0.006208908
968, 0.0057348753
968, 0.0062525966
968, 0.005603711
969, 0.007056366
969, 0.0068788663
969, 0.006993969
969, 0.006691045
969, 0.0079918485
969, 0.008029165
969, 0.008134185
969, 0.008046025
970, 0.006283198
970, 0.006252716
970, 0.006139727
970, 0.0063096266
970, 0.0073936335
970, 0.0065756994
970, 0.007372451
970, 0.006755003
971, 0.005952246
971, 0.0061624725
971, 0.0062578702
971, 0.0063603357
971, 0.006215033
971, 0.006335958
971, 0.006523851
971, 0.0065369303
972, 0.006301978
972, 0.0061075375
972, 0.0064984267
972, 0.006223272
972, 0.0064287405
972, 0.0065453793
972, 0.006560616
972, 0.0065965517
973, 0.006311073
973, 0.00627555
973, 0.0062661646
973, 0.006235122
973, 0.0068119606
973, 0.0070887865
973, 0.006776415
973, 0.007057706
974, 0.006500623
974, 0.006555876
974, 0.0064137923
974, 0.0063334857
974, 0.0077277776
974, 0.007847116
974, 0.007371409
974, 0.007355088
975, 0.0067881946
975, 0.0072127786
975, 0.006322265
975, 0.0069527877
975, 0.008107405
975, 0.008497625
975, 0.0075398544
975, 0.008136186
976, 0.0073532904
976, 0.007557159
976, 0.00717294
976, 0.007426413
976, 0.007993566
976, 0.008220516
976, 0.007973721
976, 0.008250383
977, 0.007950563
977, 0.007706058
977, 0.008097952
977, 0.007955039
977, 0.008442116
977, 0.00817982
977, 0.008791357
977, 0.008630283
978, 0.007702612
978, 0.0071544563
978, 0.007833559
978, 0.0071659526
978, 0.009433462
978, 0.0088128485
978, 0.009224316
978, 0.008484353
979, 0.0069599794
979, 0.007295055
979, 0.0071099866
979, 0.00745351
979, 0.007996217
979, 0.008407355
979, 0.008217892
979, 0.008637576
980, 0.00688409
980, 0.006815116
980, 0.0069636637
980, 0.0072175064
980, 0.0070954943
980, 0.0068154563
980, 0.0071849357
980, 0.0072277584
981, 0.0063635283
981, 0.0060826754
981, 0.0063695526
981, 0.005984176
981, 0.006507388
981, 0.00683562
981, 0.0063591595
981, 0.0065827244
982, 0.0060950555
982, 0.0064462996
982, 0.0059018834
982, 0.006095559
982, 0.007105782
982, 0.0070537226
982, 0.0069916174
982, 0.0067818235
983, 0.0067126737
983, 0.0062586106
983, 0.006349888
983, 0.0060619777
983, 0.00707778
983, 0.006922297
983, 0.00683874
983, 0.0068494636
984, 0.006409305
984, 0.006873995
984, 0.006238888
984, 0.0067258836
984, 0.0069446447
984, 0.0070440513
984, 0.0067895087
984, 0.0069112685
985, 0.0070546498
985, 0.0067485273
985, 0.007288935
985, 0.0071398746
985, 0.006910495
985, 0.006507989
985, 0.0070471424
985, 0.0068015903
986, 0.006325042
986, 0.00668321
986, 0.00636128
986, 0.0066857054
986, 0.0062928908
986, 0.0065312344
986, 0.006343961
986, 0.0065485737
987, 0.006652989
987, 0.0068654525
987, 0.0064752037
987, 0.0063241036
987, 0.0063374694
987, 0.006818791
987, 0.006350703
987, 0.0064684805
988, 0.0070229927
988, 0.006330014
988, 0.006492459
988, 0.006080406
988, 0.007063399
988, 0.0067290887
988, 0.006654606
988, 0.0066009443
989, 0.006100748
989, 0.00590023
989, 0.0060029896
989, 0.0059708026
989, 0.006802298
989, 0.0058487784
989, 0.006545617
989, 0.0057606855
990, 0.006332773
990, 0.0069495393
990, 0.006553963
990, 0.0067113065
990, 0.0061000753
990, 0.0071312264
990, 0.0061732507
990, 0.0067449007
991, 0.00814186
991, 0.008025523
991, 0.0075447992
991, 0.00753346
991, 0.00701551
991, 0.0070523038
991, 0.006281074
991, 0.0064224997
992, 0.006646771
992, 0.006455929
992, 0.0067168702
992, 0.0067546642
992, 0.005827517
992, 0.006331111
992, 0.005951692
992, 0.006683949
993, 0.005906446
993, 0.004589192
993, 0.006023496
993, 0.004500682
993, 0.006775229
993, 0.006285751
993, 0.006766572
993, 0.0060714497
994, 0.004735297
994, 0.0055778855
994, 0.0047471323
994, 0.0055525405
994, 0.0062517487
994, 0.0062967343
994, 0.0060055177
994, 0.006013214
995, 0.0058606775
995, 0.0057432177
995, 0.0058405935
995, 0.0057026707
995, 0.0059886267
995, 0.005652037
995, 0.00580233
995, 0.0054453574
996, 0.0061245416
996, 0.006622912
996, 0.0056082364
996, 0.0061985254
996, 0.0057453555
996, 0.006138997
996, 0.005417512
996, 0.005903182
997, 0.006438847
997, 0.0070694727
997, 0.0065268357
997, 0.0070888163
997, 0.006191879
997, 0.0065896283
997, 0.006247331
997, 0.006576399
998, 0.0072396807
998, 0.006919192
998, 0.0070706783
998, 0.006778452
998, 0.006780765
998, 0.0065028444
998, 0.006764252
998, 0.0065144612
999, 0.007516817
999, 0.007991506
999, 0.007172002
999, 0.0076800226
999, 0.006806322
999, 0.006906088
999, 0.0067899683
999, 0.0069231945
1000, 0.008138815
1000, 0.00743204
1000, 0.007901644
1000, 0.006973672
1000, 0.0069430685
1000, 0.0065320325
1000, 0.006639003
1000, 0.0060070017
1001, 0.007837489
1001, 0.008159489
1001, 0.007433641
1001, 0.007822499
1001, 0.006946438
1001, 0.006983517
1001, 0.006604964
1001, 0.0067088692
1002, 0.005954359
1002, 0.007270536
1002, 0.0064446023
1002, 0.0071957856
1002, 0.006312729
1002, 0.007013787
1002, 0.0069272127
1002, 0.0070633125
1003, 0.0076307226
1003, 0.008370744
1003, 0.007420001
1003, 0.008131787
1003, 0.007259114
1003, 0.007974994
1003, 0.0072066686
1003, 0.0078945635
1004, 0.007920247
1004, 0.006855013
1004, 0.007994111
1004, 0.00742732
1004, 0.0075158244
1004, 0.0061503053
1004, 0.007527102
1004, 0.006659907
1005, 0.0068966257
1005, 0.006993895
1005, 0.0072278697
1005, 0.0072268215
1005, 0.0059166183
1005, 0.006464505
1005, 0.0063005355
1005, 0.0067503327
1006, 0.0070812143
1006, 0.0069787623
1006, 0.007159
1006, 0.0070835436
1006, 0.0065324637
1006, 0.006102819
1006, 0.006741083
1006, 0.006338322
1007, 0.00674676
1007, 0.006971301
1007, 0.0071332864
1007, 0.0071486495
1007, 0.0060661975
1007, 0.00645698
1007, 0.006417205
1007, 0.0065989587
1008, 0.0070878603
1008, 0.007379502
1008, 0.0070777293
1008, 0.0072380914
1008, 0.0067558675
1008, 0.007201629
1008, 0.00672943
1008, 0.007043913
1009, 0.007220376
1009, 0.0069511463
1009, 0.0074499324
1009, 0.0072475714
1009, 0.0073499223
1009, 0.0070340615
1009, 0.007358129
1009, 0.0071093203
1010, 0.006884317
1010, 0.0067131566
1010, 0.0071784533
1010, 0.0070073814
1010, 0.0070726275
1010, 0.007103224
1010, 0.0070922677
1010, 0.0071229576
1011, 0.00696594
1011, 0.00662951
1011, 0.007104015
1011, 0.0069742296
1011, 0.007018417
1011, 0.0068170293
1011, 0.0073196767
1011, 0.007324854
1012, 0.0066683367
1012, 0.005942894
1012, 0.0067389905
1012, 0.006246831
1012, 0.007095244
1012, 0.0065749176
1012, 0.007149205
1012, 0.0068622893
1013, 0.006484625
1013, 0.006715563
1013, 0.00627662
1013, 0.0066872775
1013, 0.006561406
1013, 0.00712517
1013, 0.0064455196
1013, 0.007189092
1014, 0.0068021044
1014, 0.0075093145
1014, 0.0070645716
1014, 0.0078508975
1014, 0.00718194
1014, 0.0071933935
1014, 0.0073688235
1014, 0.007459176
1015, 0.007799745
1015, 0.0084579615
1015, 0.007890862
1015, 0.008421562
1015, 0.0069025797
1015, 0.006980259
1015, 0.0071322033
1015, 0.007082411
1016, 0.008434985
1016, 0.007791005
1016, 0.008431204
1016, 0.007823244
1016, 0.006549115
1016, 0.0059329127
1016, 0.006591669
1016, 0.006011404
1017, 0.007436433
1017, 0.0075575686
1017, 0.0075595155
1017, 0.0076497295
1017, 0.0056430353
1017, 0.005850963
1017, 0.005760028
1017, 0.0059370967
1018, 0.007516733
1018, 0.0068821106
1018, 0.007402759
1018, 0.006873653
1018, 0.0060520666
1018, 0.005905309
1018, 0.0059444495
1018, 0.005903072
1019, 0.0069433316
1019, 0.0075277863
1019, 0.007081774
1019, 0.007540962
1019, 0.006137097
1019, 0.0065391385
1019, 0.0061931764
1019, 0.006470037
1020, 0.00783924
1020, 0.007193988
1020, 0.0078904545
1020, 0.0071391123
1020, 0.006979867
1020, 0.006829436
1020, 0.007022548
1020, 0.006766083
1021, 0.0071933
1021, 0.007285756
1021, 0.0070049544
1021, 0.0070902854
1021, 0.007019926
1021, 0.0071938043
1021, 0.0068349405
1021, 0.007001684
1022, 0.0072300695
1022, 0.007028951
1022, 0.006946732
1022, 0.0068879756
1022, 0.0072221435
1022, 0.0069703516
1022, 0.006768003
1022, 0.0066585746
1023, 0.006631442
1023, 0.006362803
1023, 0.0064861034
1023, 0.006071917
1023, 0.0065061147
1023, 0.0062355734
1023, 0.0064168363
1023, 0.006000731
1024, 0.0064301747
1024, 0.006575131
1024, 0.006819375
1024, 0.0068581747
1024, 0.0063284375
1024, 0.006404949
1024, 0.0065490985
1024, 0.006519443
1025, 0.007128298
1025, 0.008072382
1025, 0.0071924757
1025, 0.007774764
1025, 0.0067420583
1025, 0.0075789406
1025, 0.0065681874
1025, 0.0070432834
1026, 0.008136397
1026, 0.008042143
1026, 0.008218618
1026, 0.008241783
1026, 0.007908031
1026, 0.00817617
1026, 0.0077318256
1026, 0.008117375
1027, 0.008053905
1027, 0.008313453
1027, 0.008197828
1027, 0.008641549
1027, 0.007922703
1027, 0.0076160105
1027, 0.008194151
1027, 0.008071541
1028, 0.008148611
1028, 0.0077937786
1028, 0.008325284
1028, 0.008023591
1028, 0.0072211167
1028, 0.0069611855
1028, 0.007502107
1028, 0.007295263
1029, 0.0076915612
1029, 0.00799472
1029, 0.008069458
1029, 0.008317204
1029, 0.006921481
1029, 0.0071379626
1029, 0.0074346303
1029, 0.0075957207
1030, 0.008160394
1030, 0.007910058
1030, 0.008566559
1030, 0.008519943
1030, 0.007101829
1030, 0.006830707
1030, 0.0073692314
1030, 0.007301556
1031, 0.008148583
1031, 0.0075607626
1031, 0.008266489
1031, 0.0073257466
1031, 0.007086767
1031, 0.0062182015
1031, 0.007098444
1031, 0.00587763
1032, 0.007321987
1032, 0.0070733875
1032, 0.007273793
1032, 0.0070335637
1032, 0.0060299276
1032, 0.0059428513
1032, 0.0061435807
1032, 0.0060648653
1033, 0.006513904
1033, 0.006146499
1033, 0.0064162314
1033, 0.006036191
1033, 0.0054533286
1033, 0.0054329825
1033, 0.005650405
1033, 0.005617475
1034, 0.0058627157
1034, 0.0061149173
1034, 0.005872277
1034, 0.006446224
1034, 0.005522261
1034, 0.0059385234
1034, 0.005618224
1034, 0.0063563758
1035, 0.007701624
1035, 0.0074804826
1035, 0.0076599913
1035, 0.007457069
1035, 0.008020274
1035, 0.007818395
1035, 0.007941434
1035, 0.0077577876
1036, 0.0075202817
1036, 0.0074501927
1036, 0.007542409
1036, 0.007345242
1036, 0.0076221866
1036, 0.007336935
1036, 0.007832505
1036, 0.0074201026
1037, 0.007911087
1037, 0.008481994
1037, 0.00774422
1037, 0.00826729
1037, 0.00766357
1037, 0.007948239
1037, 0.0074263737
1037, 0.0076632677
1038, 0.00855603
1038, 0.008821459
1038, 0.008484183
1038, 0.008572072
1038, 0.008406286
1038, 0.0091117
1038, 0.008242202
1038, 0.0087699145
1039, 0.00851691
1039, 0.008550797
1039, 0.008364794
1039, 0.008536318
1039, 0.0086524375
1039, 0.00794595
1039, 0.008527362
1039, 0.007958559
1040, 0.008730185
1040, 0.009311555
1040, 0.008558767
1040, 0.009329941
1040, 0.007886036
1040, 0.008338191
1040, 0.007678487
1040, 0.0083203595
1041, 0.0093756765
1041, 0.009061709
1041, 0.009293889
1041, 0.008850486
1041, 0.00798842
1041, 0.007664155
1041, 0.008345771
1041, 0.007892132
1042, 0.008516014
1042, 0.007385734
1042, 0.0090096565
1042, 0.008410524
1042, 0.0075177094
1042, 0.007301286
1042, 0.008169511
1042, 0.008484302
1043, 0.007386187
1043, 0.0069645117
1043, 0.008319379
1043, 0.007529974
1043, 0.007876613
1043, 0.0073058647
1043, 0.008515419
1043, 0.0075771073
1044, 0.006518061
1044, 0.0064369305
1044, 0.006739969
1044, 0.006901114
1044, 0.0070763873
1044, 0.0073498413
1044, 0.007215276
1044, 0.007731269
1045, 0.006526242
1045, 0.007312585
1045, 0.0069036647
1045, 0.0074202055
1045, 0.0073557207
1045, 0.007945668
1045, 0.0075323796
1045, 0.007852188
1046, 0.0075146155
1046, 0.007764901
1046, 0.0072595184
1046, 0.007532354
1046, 0.007091045
1046, 0.0073414943
1046, 0.0069552064
1046, 0.0072282017
1047, 0.008069022
1047, 0.007889256
1047, 0.008075884
1047, 0.008045883
1047, 0.0076586534
1047, 0.007372977
1047, 0.00753495
1047, 0.007399
1048, 0.007863551
1048, 0.007561781
1048, 0.007849226
1048, 0.007514054
1048, 0.007108637
1048, 0.006780498
1048, 0.0072732666
1048, 0.006911698
1049, 0.0076976498
1049, 0.008331924
1049, 0.007643682
1049, 0.0082557555
1049, 0.0070349304
1049, 0.0074167317
1049, 0.0069488324
1049, 0.007308452
1050, 0.008559252
1050, 0.008931314
1050, 0.0090280445
1050, 0.009575226
1050, 0.007848211
1050, 0.008980063
1050, 0.008013067
1050, 0.009319689
1051, 0.008707165
1051, 0.008959937
1051, 0.00935021
1051, 0.0094732195
1051, 0.008974388
1051, 0.008842348
1051, 0.009555298
1051, 0.009293298
1052, 0.008643639
1052, 0.007809787
1052, 0.009032688
1052, 0.007603143
1052, 0.009120912
1052, 0.009279228
1052, 0.009684731
1052, 0.0092460355
1053, 0.008111192
1053, 0.008260735
1053, 0.0072773052
1053, 0.007829455
1053, 0.009323814
1053, 0.0087788245
1053, 0.008512317
1053, 0.00837057
1054, 0.008293715
1054, 0.0077963076
1054, 0.0077525075
1054, 0.007595863
1054, 0.008256032
1054, 0.0077578756
1054, 0.007802622
1054, 0.0076450165
1055, 0.007452222
1055, 0.008165456
1055, 0.007657893
1055, 0.008231476
1055, 0.0075739925
1055, 0.0077857333
1055, 0.0076309987
1055, 0.0077028875
1056, 0.007953793
1056, 0.0073961457
1056, 0.007883495
1056, 0.0071587116
1056, 0.007254298
1056, 0.006910666
1056, 0.007279407
1056, 0.0067686206
1057, 0.008705483
1057, 0.0086045405
1057, 0.00900476
1057, 0.008902158
1057, 0.0076109827
1057, 0.007488298
1057, 0.008058993
1057, 0.007934613
1058, 0.008653738
1058, 0.008286925
1058, 0.008805261
1058, 0.008462836
1058, 0.0074289083
1058, 0.007617001
1058, 0.0076905717
1058, 0.007903106
1059, 0.007901257
1059, 0.0074313516
1059, 0.008134341
1059, 0.0075978665
1059, 0.007669207
1059, 0.0074667237
1059, 0.00775037
1059, 0.0074814516
1060, 0.0072784494
1060, 0.0074443226
1060, 0.0075163096
1060, 0.0076776193
1060, 0.0073187924
1060, 0.0072986917
1060, 0.0075220307
1060, 0.0074973362
1061, 0.008260508
1061, 0.009074766
1061, 0.007726602
1061, 0.008061026
1061, 0.007847232
1061, 0.0087404335
1061, 0.0076190294
1061, 0.008032846
1062, 0.008849146
1062, 0.008009596
1062, 0.008007149
1062, 0.006836121
1062, 0.008887965
1062, 0.008326776
1062, 0.007886977
1062, 0.006994383
1063, 0.007696253
1063, 0.0072489185
1063, 0.0065882863
1063, 0.0068903896
1063, 0.008494153
1063, 0.007513361
1063, 0.006896877
1063, 0.0066670626
1064, 0.0072550657
1064, 0.007751922
1064, 0.007362032
1064, 0.0074933576
1064, 0.006916317
1064, 0.0073398612
1064, 0.007057754
1064, 0.007115786
1065, 0.007659774
1065, 0.007821941
1065, 0.007316481
1065, 0.0076137916
1065, 0.006903356
1065, 0.0067752693
1065, 0.006596096
1065, 0.006603112
1066, 0.007988172
1066, 0.008883052
1066, 0.007840491
1066, 0.0087609505
1066, 0.006859606
1066, 0.0076678414
1066, 0.006841589
1066, 0.0076755597
1067, 0.009055086
1067, 0.008748752
1067, 0.00909009
1067, 0.009096371
1067, 0.0079089375
1067, 0.0076131374
1067, 0.0080130575
1067, 0.008029672
1068, 0.007354769
1068, 0.007160796
1068, 0.006850934
1068, 0.006677257
1068, 0.0076086093
1068, 0.007635511
1068, 0.0067929965
1068, 0.006840133
1069, 0.0070700934
1069, 0.007119069
1069, 0.0066363867
1069, 0.0068952446
1069, 0.007456265
1069, 0.0077838036
1069, 0.006941779
1069, 0.0074790884
1070, 0.007301079
1070, 0.007240138
1070, 0.0070324796
1070, 0.0070325187
1070, 0.008067099
1070, 0.008413123
1070, 0.007913817
1070, 0.008320771
1071, 0.0072373347
1071, 0.0069691897
1071, 0.006931519
1071, 0.0067053596
1071, 0.008761645
1071, 0.008671462
1071, 0.0085772695
1071, 0.008529088
1072, 0.0062554493
1072, 0.0054022716
1072, 0.006124881
1072, 0.005291717
1072, 0.008139572
1072, 0.0070606004
1072, 0.008028998
1072, 0.006970067
1073, 0.0052470868
1073, 0.0046717464
1073, 0.0052264296
1073, 0.004769437
1073, 0.006388105
1073, 0.0056509543
1073, 0.0064349123
1073, 0.0058160448
1074, 0.004594806
1074, 0.0047475323
1074, 0.0047174753
1074, 0.004585007
1074, 0.005490873
1074, 0.005190295
1074, 0.0057326662
1074, 0.005146737
1075, 0.005172273
1075, 0.0058770343
1075, 0.0048201503
1075, 0.005633184
1075, 0.0056793056
1075, 0.006333868
1075, 0.0052193105
1075, 0.005982126
1076, 0.006127972
1076, 0.0063433214
1076, 0.006087412
1076, 0.0062983995
1076, 0.006340198
1076, 0.0064122705
1076, 0.0062908973
1076, 0.006358606
1077, 0.006374685
1077, 0.0071973377
1077, 0.0064063147
1077, 0.0070471074
1077, 0.006668144
1077, 0.007632596
1077, 0.0068017715
1077, 0.007584316
1078, 0.007451193
1078, 0.0074592447
1078, 0.0072619356
1078, 0.0071612494
1078, 0.007832927
1078, 0.0076496955
1078, 0.007610519
1078, 0.0073185307
1079, 0.006143464
1079, 0.006045246
1079, 0.0065538296
1079, 0.006584998
1079, 0.0065736966
1079, 0.00644482
1079, 0.0069403173
1079, 0.0069407686
1080, 0.006043608
1080, 0.006545441
1080, 0.006248726
1080, 0.0064809294
1080, 0.006435452
1080, 0.006737094
1080, 0.0066865394
1080, 0.0067185885
1081, 0.0065816045
1081, 0.006575138
1081, 0.006323492
1081, 0.0063862186
1081, 0.0067916247
1081, 0.0066029965
1081, 0.006686816
1081, 0.0065674097
1082, 0.0065530217
1082, 0.0066680606
1082, 0.00643197
1082, 0.0065405834
1082, 0.0066423262
1082, 0.006853875
1082, 0.006531147
1082, 0.006736262
1083, 0.0064810337
1083, 0.0059076683
1083, 0.0066907937
1083, 0.006208496
1083, 0.0069083683
1083, 0.0068797437
1083, 0.0069823638
1083, 0.0070450087
1084, 0.0061723185
1084, 0.0061936094
1084, 0.0062859626
1084, 0.006506301
1084, 0.0071673268
1084, 0.007156261
1084, 0.0075429245
1084, 0.0077310265
1085, 0.006244698
1085, 0.0057814536
1085, 0.0067327684
1085, 0.0064780065
1085, 0.007512882
1085, 0.0074863774
1085, 0.008115019
1085, 0.008297479
1086, 0.005764761
1086, 0.006094647
1086, 0.006480335
1086, 0.0068115955
1086, 0.0072077373
1086, 0.006937341
1086, 0.0076474906
1086, 0.007378083
1087, 0.006398497
1087, 0.006699081
1087, 0.0070635295
1087, 0.006843927
1087, 0.0070153717
1087, 0.007491658
1087, 0.007317727
1087, 0.0072742323
1088, 0.006875103
1088, 0.007119531
1088, 0.007013293
1088, 0.00714563
1088, 0.008412027
1088, 0.008846141
1088, 0.008829121
1088, 0.009150893
1089, 0.007162575
1089, 0.0067908247
1089, 0.0071069463
1089, 0.006943361
1089, 0.008475882
1089, 0.0077065723
1089, 0.008378447
1089, 0.007817489
1090, 0.0097287055
1090, 0.00940467
1090, 0.009619743
1090, 0.009714928
1090, 0.010185026
1090, 0.0099528
1090, 0.010149531
1090, 0.010336633
1091, 0.008559296
1091, 0.007440954
1091, 0.008918944
1091, 0.0077313855
1091, 0.00938259
1091, 0.008377251
1091, 0.009864616
1091, 0.008789889
1092, 0.0067461
1092, 0.0065022395
1092, 0.006981166
1092, 0.0066453367
1092, 0.007389562
1092, 0.0066927597
1092, 0.007613008
1092, 0.0068241707
1093, 0.0065771593
1093, 0.0068830973
1093, 0.006658742
1093, 0.0069343382
1093, 0.0065865684
1093, 0.0068855165
1093, 0.0066763535
1093, 0.0069449665
1094, 0.0074051428
1094, 0.008012909
1094, 0.0073632784
1094, 0.007948007
1094, 0.0075214077
1094, 0.008198599
1094, 0.0073713157
1094, 0.008025392
1095, 0.008683296
1095, 0.008840085
1095, 0.008294868
1095, 0.008492887
1095, 0.008648499
1095, 0.0087223975
1095, 0.00828793
1095, 0.008403069
1096, 0.009030946
1096, 0.009172069
1096, 0.008696134
1096, 0.008813897
1096, 0.008643589
1096, 0.008616308
1096, 0.008464491
1096, 0.008413904
1097, 0.008668835
1097, 0.008950558
1097, 0.008618514
1097, 0.008998698
1097, 0.008916048
1097, 0.00931062
1097, 0.008837632
1097, 0.009330758
1098, 0.009259697
1098, 0.009770121
1098, 0.009383572
1098, 0.009620073
1098, 0.00979193
1098, 0.010425086
1098, 0.009508152
1098, 0.009866968
1099, 0.01119196
1099, 0.009871963
1099, 0.010410534
1099, 0.009386118
1099, 0.011099835
1099, 0.010314943
1099, 0.01048709
1099, 0.009996919
1100, 0.0091777695
1100, 0.010181338
1100, 0.009353862
1100, 0.010014956
1100, 0.010202725
1100, 0.010875745
1100, 0.010379672
1100, 0.010709946
1101, 0.008028669
1101, 0.008005763
1101, 0.00749407
1101, 0.00759867
1101, 0.008500415
1101, 0.008849528
1101, 0.007692815
1101, 0.008168979
1102, 0.0075733922
1102, 0.0076980223
1102, 0.006750858
1102, 0.007135853
1102, 0.008822431
1102, 0.008564828
1102, 0.008115488
1102, 0.008118906
1103, 0.007741823
1103, 0.00760321
1103, 0.0076612863
1103, 0.007867214
1103, 0.008080613
1103, 0.008001414
1103, 0.0079529965
1103, 0.008218339
1104, 0.0075229392
1104, 0.0073770466
1104, 0.0078639975
1104, 0.0074133887
1104, 0.007901035
1104, 0.007551397
1104, 0.008246987
1104, 0.007592575
1105, 0.007467709
1105, 0.007651504
1105, 0.00728658
1105, 0.007536629
1105, 0.0076088184
1105, 0.007924594
1105, 0.0075986837
1105, 0.007980807
1106, 0.007564282
1106, 0.0072506596
1106, 0.0074843117
1106, 0.0069400887
1106, 0.0077691884
1106, 0.007403064
1106, 0.0076759746
1106, 0.0070793186
1107, 0.007127781
1107, 0.0069705113
1107, 0.0065248967
1107, 0.0063888817
1107, 0.007403986
1107, 0.007563986
1107, 0.0068693943
1107, 0.007050516
1108, 0.0068148035
1108, 0.0073716748
1108, 0.0062819407
1108, 0.0065526254
1108, 0.007915053
1108, 0.00813721
1108, 0.0072875815
1108, 0.0072232885
1109, 0.0075116036
1109, 0.0073362887
1109, 0.0067031
1109, 0.006793726
1109, 0.0076031242
1109, 0.006910615
1109, 0.006895062
1109, 0.006468716
1110, 0.007550609
1110, 0.006297681
1110, 0.006706946
1110, 0.0055071074
1110, 0.0070371563
1110, 0.006668701
1110, 0.0062321015
1110, 0.005916117
1111, 0.0066677234
1111, 0.008010834
1111, 0.006011392
1111, 0.0070360648
1111, 0.0075012255
1111, 0.008570585
1111, 0.006773116
1111, 0.007523937
1112, 0.0063278927
1112, 0.0061852746
1112, 0.006313947
1112, 0.0058064247
1112, 0.006123687
1112, 0.0059965807
1112, 0.006303046
1112, 0.0058113276
1113, 0.0053611193
1113, 0.006107345
1113, 0.0054184273
1113, 0.0060682367
1113, 0.0059166136
1113, 0.0063768476
1113, 0.005903514
1113, 0.006267154
1114, 0.0070187678
1114, 0.007800028
1114, 0.006584862
1114, 0.007456342
1114, 0.0067243176
1114, 0.007870456
1114, 0.0063303155
1114, 0.00756661
1115, 0.007850406
1115, 0.0069990973
1115, 0.007554582
1115, 0.0067795073
1115, 0.008159994
1115, 0.007371729
1115, 0.007846371
1115, 0.007134362
1116, 0.006349828
1116, 0.0060079894
1116, 0.006223685
1116, 0.005623506
1116, 0.0069074733
1116, 0.0063811284
1116, 0.0067900857
1116, 0.0060052336
1117, 0.0058569983
1117, 0.0057392097
1117, 0.0054763057
1117, 0.0055671604
1117, 0.0057227635
1117, 0.00524931
1117, 0.005457295
1117, 0.0051924177
1118, 0.005654134
1118, 0.005551364
1118, 0.005713831
1118, 0.0054622623
1118, 0.0051876293
1118, 0.005104222
1118, 0.005385339
1118, 0.005153088
1119, 0.00580089
1119, 0.0060173688
1119, 0.0057433792
1119, 0.0062083295
1119, 0.005759856
1119, 0.0065017142
1119, 0.005611462
1119, 0.006601876
1120, 0.006220237
1120, 0.0062045692
1120, 0.006398391
1120, 0.006201273
1120, 0.006652657
1120, 0.0063706404
1120, 0.006598941
1120, 0.0061354926
1121, 0.0061543463
1121, 0.0057217246
1121, 0.0060308482
1121, 0.0061127776
1121, 0.006175958
1121, 0.006033759
1121, 0.006238351
1121, 0.0066107996
1122, 0.0060438835
1122, 0.0063044564
1122, 0.006709974
1122, 0.0068820603
1122, 0.006316925
1122, 0.0063913893
1122, 0.0067140064
1122, 0.006699977
1123, 0.0074156267
1123, 0.00720353
1123, 0.007728268
1123, 0.0075030546
1123, 0.007786614
1123, 0.007552732
1123, 0.00807951
1123, 0.007832518
1124, 0.007102254
1124, 0.0073695993
1124, 0.0074501666
1124, 0.007606426
1124, 0.007832485
1124, 0.007939954
1124, 0.008063167
1124, 0.008059391
1125, 0.0069179186
1125, 0.0063198972
1125, 0.006876819
1125, 0.0058722175
1125, 0.007034011
1125, 0.006357281
1125, 0.0070841215
1125, 0.006000753
1126, 0.0060200384
1126, 0.006265956
1126, 0.005285732
1126, 0.0057893083
1126, 0.005902322
1126, 0.0058086147
1126, 0.0052401023
1126, 0.0054041403
1127, 0.0061787283
1127, 0.005431088
1127, 0.0057784463
1127, 0.0050716014
1127, 0.005830623
1127, 0.0050242324
1127, 0.005473477
1127, 0.0047078603
1128, 0.00550433
1128, 0.005987089
1128, 0.005298613
1128, 0.0058184303
1128, 0.0050396724
1128, 0.005862326
1128, 0.004886268
1128, 0.005745977
1129, 0.0063452167
1129, 0.006309768
1129, 0.0062099043
1129, 0.0063814865
1129, 0.0063741133
1129, 0.0059853215
1129, 0.00623934
1129, 0.006057658
1130, 0.006347114
1130, 0.006599141
1130, 0.0065323906
1130, 0.0067053866
1130, 0.0057903426
1130, 0.006180364
1130, 0.005844024
1130, 0.006154966
1131, 0.0067356513
1131, 0.0067727906
1131, 0.0068287067
1131, 0.0069748615
1131, 0.006170064
1131, 0.0063888906
1131, 0.00633822
1131, 0.0066660144
1132, 0.0068645515
1132, 0.0073583988
1132, 0.00729546
1132, 0.0076159164
1132, 0.006868108
1132, 0.007405483
1132, 0.007069689
1132, 0.0074335495
1133, 0.007937894
1133, 0.0077514127
1133, 0.0076441867
1133, 0.007589119
1133, 0.007559392
1133, 0.007682197
1133, 0.0074292077
1133, 0.007683265
1134, 0.0064022006
1134, 0.0070965732
1134, 0.005787438
1134, 0.0068138624
1134, 0.0058221165
1134, 0.006193439
1134, 0.0051879645
1134, 0.0058911173
1135, 0.007118576
1135, 0.006552169
1135, 0.006891811
1135, 0.0064113154
1135, 0.0065178247
1135, 0.00641071
1135, 0.0061007
1135, 0.0060794083
1136, 0.005860204
1136, 0.005322971
1136, 0.0058679385
1136, 0.0054374626
1136, 0.005665065
1136, 0.0046941075
1136, 0.005531144
1136, 0.0046670143
1137, 0.004763716
1137, 0.0044996273
1137, 0.0049022543
1137, 0.004576409
1137, 0.0042459937
1137, 0.0046163625
1137, 0.0044249697
1137, 0.0047336463
1138, 0.004332708
1138, 0.004355228
1138, 0.0044360557
1138, 0.0045741303
1138, 0.004774933
1138, 0.0044919574
1138, 0.004890628
1138, 0.004723263
1139, 0.0046646455
1139, 0.004882623
1139, 0.0047025224
1139, 0.004928525
1139, 0.0045116656
1139, 0.004674139
1139, 0.0045355815
1139, 0.0047060736
1140, 0.0050719143
1140, 0.0054244963
1140, 0.0051047006
1140, 0.00533573
1140, 0.004888723
1140, 0.0051385295
1140, 0.004894676
1140, 0.005022901
1141, 0.006031683
1141, 0.0062897275
1141, 0.005964309
1141, 0.005962773
1141, 0.005258726
1141, 0.005376
1141, 0.004991779
1141, 0.0048498837
1142, 0.0066057597
1142, 0.0068292953
1142, 0.0061326227
1142, 0.0062915543
1142, 0.0057341335
1142, 0.0060294955
1142, 0.0051941415
1142, 0.005424923
1143, 0.0068521868
1143, 0.0066677355
1143, 0.006063846
1143, 0.0058803693
1143, 0.0061430824
1143, 0.0060319453
1143, 0.00569244
1143, 0.005582207
1144, 0.006282311
1144, 0.006064577
1144, 0.005725477
1144, 0.005365824
1144, 0.005675488
1144, 0.005580364
1144, 0.0053880555
1144, 0.005150951
1145, 0.0061713024
1145, 0.0063377866
1145, 0.006436545
1145, 0.006286498
1145, 0.006441898
1145, 0.0062152008
1145, 0.0069745407
1145, 0.0064312057
1146, 0.006236658
1146, 0.0065639587
1146, 0.005931414
1146, 0.00635641
1146, 0.005800921
1146, 0.005699029
1146, 0.0056768996
1146, 0.0056728018
1147, 0.0067836693
1147, 0.007219405
1147, 0.0070136585
1147, 0.0074546714
1147, 0.0057246177
1147, 0.0061613796
1147, 0.00602151
1147, 0.0064635645
1148, 0.0069218953
1148, 0.006340486
1148, 0.007474338
1148, 0.006862883
1148, 0.0061506205
1148, 0.005661492
1148, 0.006680275
1148, 0.0061611496
1149, 0.0060029463
1149, 0.005873404
1149, 0.0061958022
1149, 0.005954062
1149, 0.0055789235
1149, 0.0056172996
1149, 0.0057284744
1149, 0.005654646
1150, 0.005772103
1150, 0.005957466
1150, 0.0060113613
1150, 0.006283832
1150, 0.0052349996
1150, 0.005077299
1150, 0.0053684115
1150, 0.00529766
1151, 0.005777246
1151, 0.0055533005
1151, 0.0058691236
1151, 0.0056804097
1151, 0.004959362
1151, 0.004890471
1151, 0.005123633
1151, 0.005089969
1152, 0.005817223
1152, 0.005225287
1152, 0.0056820293
1152, 0.005144743
1152, 0.004836057
1152, 0.0046814485
1152, 0.005042621
1152, 0.0049423594
1153, 0.005174111
1153, 0.005106803
1153, 0.005554964
1153, 0.0054269885
1153, 0.0048918417
1153, 0.0050158235
1153, 0.0050232373
1153, 0.005086708
1154, 0.0049626892
1154, 0.0051122373
1154, 0.0053866347
1154, 0.00573288
1154, 0.00556153
1154, 0.005987947
1154, 0.0055416073
1154, 0.0061645503
1155, 0.0054595373
1155, 0.005788621
1155, 0.006027974
1155, 0.0064003184
1155, 0.0063819927
1155, 0.0065548546
1155, 0.0068856925
1155, 0.0071017905
1156, 0.007241597
1156, 0.0069915107
1156, 0.007284901
1156, 0.007076658
1156, 0.0062669106
1156, 0.0059204926
1156, 0.006262213
1156, 0.0059576486
1157, 0.006728298
1157, 0.0068270476
1157, 0.007184336
1157, 0.0071607423
1157, 0.0056458013
1157, 0.0061470442
1157, 0.006071306
1157, 0.0064503527
1158, 0.007253964
1158, 0.0073947064
1158, 0.007209906
1158, 0.007267285
1158, 0.0066681155
1158, 0.00706065
1158, 0.0067267097
1158, 0.0070358836
1159, 0.007964888
1159, 0.008355805
1159, 0.007919751
1159, 0.008268409
1159, 0.0076569677
1159, 0.0076906774
1159, 0.0075335274
1159, 0.007525027
1160, 0.0078850025
1160, 0.0067544426
1160, 0.008071346
1160, 0.0068888334
1160, 0.0073600966
1160, 0.006525403
1160, 0.0075538624
1160, 0.006667225
1161, 0.0063738734
1161, 0.0069341967
1161, 0.0062337266
1161, 0.0068267696
1161, 0.0059387805
1161, 0.0062018167
1161, 0.006070709
1161, 0.0063667474
1162, 0.0064580366
1162, 0.0060296515
1162, 0.0067236824
1162, 0.006420897
1162, 0.005816301
1162, 0.005492083
1162, 0.005770706
1162, 0.005572052
1163, 0.006210285
1163, 0.006782961
1163, 0.006837739
1163, 0.0075155087
1163, 0.0053544873
1163, 0.0054747653
1163, 0.0056052725
1163, 0.005830322
1164, 0.007404709
1164, 0.0067836666
1164, 0.007637045
1164, 0.007041511
1164, 0.0054436736
1164, 0.0049979934
1164, 0.005913808
1164, 0.005493461
1165, 0.0066923415
1165, 0.007106885
1165, 0.006765173
1165, 0.006782817
1165, 0.005203103
1165, 0.005665376
1165, 0.005406296
1165, 0.0054723592
1166, 0.0071874377
1166, 0.0074392585
1166, 0.0066028936
1166, 0.007220038
1166, 0.0062420866
1166, 0.006419667
1166, 0.0057507767
1166, 0.0062936884
1167, 0.006182594
1167, 0.0064910166
1167, 0.0058769817
1167, 0.006049167
1167, 0.005254496
1167, 0.0058462797
1167, 0.0048159086
1167, 0.0052714488
1168, 0.0069740606
1168, 0.007086706
1168, 0.006458798
1168, 0.006721216
1168, 0.006534199
1168, 0.0069608097
1168, 0.0061210096
1168, 0.0066973986
1169, 0.006871606
1169, 0.006496585
1169, 0.006766882
1169, 0.0065402775
1169, 0.006915432
1169, 0.0067491955
1169, 0.0067542065
1169, 0.006736432
1170, 0.006672319
1170, 0.006752511
1170, 0.0065308074
1170, 0.00665219
1170, 0.0067658224
1170, 0.006647725
1170, 0.006620838
1170, 0.0065439446
1171, 0.007268551
1171, 0.008193435
1171, 0.007485413
1171, 0.008939576
1171, 0.007267872
1171, 0.007932008
1171, 0.0074586407
1171, 0.008652133
1172, 0.008171189
1172, 0.007863241
1172, 0.00930453
1172, 0.008606658
1172, 0.008003226
1172, 0.007726156
1172, 0.009170925
1172, 0.008503608
1173, 0.008186308
1173, 0.008903057
1173, 0.0090838885
1173, 0.009704859
1173, 0.007091836
1173, 0.0072699077
1173, 0.0076524545
1173, 0.007734576
1174, 0.008830082
1174, 0.007991131
1174, 0.00901956
1174, 0.008173763
1174, 0.0069786045
1174, 0.0063316682
1174, 0.007347969
1174, 0.006694119
1175, 0.007452435
1175, 0.0073013194
1175, 0.007324897
1175, 0.0070962086
1175, 0.006191153
1175, 0.006107731
1175, 0.0062831095
1175, 0.006122072
1176, 0.0070820926
1176, 0.0063514104
1176, 0.0069118002
1176, 0.0063496334
1176, 0.005978599
1176, 0.005268855
1176, 0.005999331
1176, 0.0054577948
1177, 0.005654484
1177, 0.005913293
1177, 0.0057693
1177, 0.0056967163
1177, 0.0048586973
1177, 0.004997733
1177, 0.0048023323
1177, 0.004610011
1178, 0.006260191
1178, 0.006049866
1178, 0.0068179853
1178, 0.006912551
1178, 0.0057098162
1178, 0.00569251
1178, 0.00611581
1178, 0.0064032637
1179, 0.0063489727
1179, 0.007107826
1179, 0.0070663807
1179, 0.0077811526
1179, 0.006407315
1179, 0.007359775
1179, 0.006881687
1179, 0.00778984
1180, 0.007421921
1180, 0.007512657
1180, 0.007922384
1180, 0.008052013
1180, 0.00764185
1180, 0.007792981
1180, 0.008208726
1180, 0.008398818
1181, 0.007560161
1181, 0.0075698164
1181, 0.008362076
1181, 0.008344896
1181, 0.007929654
1181, 0.008365246
1181, 0.008802693
1181, 0.009211697
1182, 0.008153639
1182, 0.009162361
1182, 0.0085672485
1182, 0.009177188
1182, 0.00922968
1182, 0.010139194
1182, 0.009495272
1182, 0.010005499
1183, 0.009398226
1183, 0.008751026
1183, 0.009086223
1183, 0.008543961
1183, 0.010598157
1183, 0.010094494
1183, 0.009991244
1183, 0.00959292
1184, 0.0088914605
1184, 0.008386085
1184, 0.008385485
1184, 0.0075057824
1184, 0.009357536
1184, 0.008866382
1184, 0.009496917
1184, 0.008630633
1185, 0.0077303154
1185, 0.007568847
1185, 0.0075531667
1185, 0.007387463
1185, 0.00861007
1185, 0.008388667
1185, 0.00853745
1185, 0.008311794
1186, 0.006874516
1186, 0.006360373
1186, 0.0067787534
1186, 0.006594412
1186, 0.007889021
1186, 0.007091945
1186, 0.0077990624
1186, 0.007332073
1187, 0.006095085
1187, 0.0063454197
1187, 0.006517115
1187, 0.0067275334
1187, 0.0065399325
1187, 0.0063675176
1187, 0.0068416484
1187, 0.0066292165
1188, 0.0063559087
1188, 0.0062738927
1188, 0.00678235
1188, 0.006812438
1188, 0.006060631
1188, 0.0058136666
1188, 0.006555188
1188, 0.006420255
1189, 0.0073581436
1189, 0.0076579065
1189, 0.007292574
1189, 0.007494895
1189, 0.0071810177
1189, 0.007391287
1189, 0.0072537838
1189, 0.0073667294
1190, 0.007822579
1190, 0.008307946
1190, 0.007783312
1190, 0.008061849
1190, 0.007633499
1190, 0.008133505
1190, 0.007609826
1190, 0.007903101
1191, 0.008998008
1191, 0.00975917
1191, 0.008705231
1191, 0.009342638
1191, 0.009092985
1191, 0.009895576
1191, 0.008682828
1191, 0.009361562
1192, 0.010306866
1192, 0.010210945
1192, 0.009775839
1192, 0.009795003
1192, 0.01038075
1192, 0.010255705
1192, 0.00977391
1192, 0.009763961
1193, 0.0096414685
1193, 0.008843975
1193, 0.009287986
1193, 0.00851917
1193, 0.009700296
1193, 0.009247339
1193, 0.009374005
1193, 0.00894963
1194, 0.008325334
1194, 0.008117404
1194, 0.008155847
1194, 0.008109385
1194, 0.009062508
1194, 0.0094542615
1194, 0.008869741
1194, 0.009423003
1195, 0.007953215
1195, 0.007040992
1195, 0.008201315
1195, 0.0076220157
1195, 0.009978195
1195, 0.00961667
1195, 0.009977714
1195, 0.00995011
1196, 0.00730287
1196, 0.007486097
1196, 0.007644148
1196, 0.007609581
1196, 0.009625797
1196, 0.009016671
1196, 0.010146821
1196, 0.009319206
1197, 0.007225067
1197, 0.0073061385
1197, 0.0075234054
1197, 0.007464589
1197, 0.008676058
1197, 0.008814073
1197, 0.009165157
1197, 0.009163139
1198, 0.0072657173
1198, 0.007537811
1198, 0.0076416056
1198, 0.007878005
1198, 0.008243708
1198, 0.007596503
1198, 0.008772864
1198, 0.008089558
1199, 0.007562014
1199, 0.007494439
1199, 0.007696247
1199, 0.0078134
1199, 0.007377498
1199, 0.00753203
1199, 0.0072750445
1199, 0.0076140403
1200, 0.008129928
1200, 0.007885265
1200, 0.008596244
1200, 0.00805567
1200, 0.009001501
1200, 0.008722742
1200, 0.00944088
1200, 0.0088661015
1201, 0.0077778627
1201, 0.0075202333
1201, 0.0077513047
1201, 0.007548918
1201, 0.00850492
1201, 0.008008344
1201, 0.0085929185
1201, 0.008151545
1202, 0.007277394
1202, 0.0069785323
1202, 0.0073027406
1202, 0.00697489
1202, 0.007699468
1202, 0.007384703
1202, 0.0077317483
1202, 0.007387986
1203, 0.0069804993
1203, 0.007241341
1203, 0.006814956
1203, 0.0070806528
1203, 0.0073384233
1203, 0.007516992
1203, 0.0071741906
1203, 0.0073576258
1204, 0.007398142
1204, 0.007770021
1204, 0.0073895277
1204, 0.007824591
1204, 0.0076640802
1204, 0.00793014
1204, 0.007711315
1204, 0.008040589
1205, 0.008156756
1205, 0.008492087
1205, 0.008423091
1205, 0.008698484
1205, 0.008183412
1205, 0.008586916
1205, 0.008398952
1205, 0.008742527
1206, 0.00911325
1206, 0.009386115
1206, 0.0090983035
1206, 0.009412477
1206, 0.009155043
1206, 0.009432394
1206, 0.008983208
1206, 0.009301816
1207, 0.00920404
1207, 0.00836764
1207, 0.008879744
1207, 0.008389961
1207, 0.009906675
1207, 0.009446132
1207, 0.009698985
1207, 0.009585488
1208, 0.008290216
1208, 0.008976953
1208, 0.008486744
1208, 0.009239654
1208, 0.009791672
1208, 0.010682513
1208, 0.010115197
1208, 0.011072543
1209, 0.0097487625
1209, 0.009567794
1209, 0.010726538
1209, 0.009965733
1209, 0.01076477
1209, 0.009755611
1209, 0.011331419
1209, 0.009743077
1210, 0.009214838
1210, 0.009109644
1210, 0.009220549
1210, 0.009501314
1210, 0.009049159
1210, 0.009596291
1210, 0.0092737395
1210, 0.0102074295
1211, 0.01033543
1211, 0.010410289
1211, 0.010754605
1211, 0.010657053
1211, 0.0110554965
1211, 0.010868834
1211, 0.011472203
1211, 0.0111128185
1212, 0.009988289
1212, 0.00907142
1212, 0.010087996
1212, 0.009049872
1212, 0.01021546
1212, 0.009441139
1212, 0.010237653
1212, 0.00934207
1213, 0.008214205
1213, 0.0075862254
1213, 0.008039684
1213, 0.0075249267
1213, 0.008547446
1213, 0.008221707
1213, 0.008371508
1213, 0.008159023
1214, 0.0073387185
1214, 0.007457687
1214, 0.007317933
1214, 0.007374836
1214, 0.007958874
1214, 0.008009638
1214, 0.007968729
1214, 0.007957403
1215, 0.008056897
1215, 0.008715333
1215, 0.007742795
1215, 0.008448679
1215, 0.008472563
1215, 0.008940389
1215, 0.008206451
1215, 0.008721806
1216, 0.0090736365
1216, 0.009045975
1216, 0.008673241
1216, 0.008627545
1216, 0.009284401
1216, 0.009227529
1216, 0.008930974
1216, 0.0088560665
1217, 0.008918435
1217, 0.008994512
1217, 0.008612103
1217, 0.008581786
1217, 0.0092136925
1217, 0.009391492
1217, 0.008891074
1217, 0.008962408
1218, 0.009424109
1218, 0.009100266
1218, 0.009128893
1218, 0.009048173
1218, 0.009444817
1218, 0.009105871
1218, 0.009242797
1218, 0.009146729
1219, 0.009523223
1219, 0.010817917
1219, 0.009095923
1219, 0.010355172
1219, 0.010116709
1219, 0.0114253415
1219, 0.009583128
1219, 0.01085601
1220, 0.011551605
1220, 0.011668573
1220, 0.011209113
1220, 0.011044032
1220, 0.011370271
1220, 0.011143529
1220, 0.011174273
1220, 0.010665709
1221, 0.0115788365
1221, 0.011137979
1221, 0.01133922
1221, 0.011290957
1221, 0.011267321
1221, 0.011175555
1221, 0.010866581
1221, 0.011167026
1222, 0.009754203
1222, 0.009733651
1222, 0.008972481
1222, 0.0089487005
1222, 0.010753386
1222, 0.010680795
1222, 0.009764291
1222, 0.0096885925
1223, 0.009366702
1223, 0.008622923
1223, 0.008693703
1223, 0.00815091
1223, 0.009822936
1223, 0.008401323
1223, 0.00912356
1223, 0.007903326
1224, 0.008071456
1224, 0.008508218
1224, 0.0078251045
1224, 0.008412331
1224, 0.007727828
1224, 0.008604596
1224, 0.007618082
1224, 0.008645492
1225, 0.00842664
1225, 0.007921821
1225, 0.008484314
1225, 0.008007525
1225, 0.008574158
1225, 0.008050552
1225, 0.008643824
1225, 0.008148242
1226, 0.007862912
1226, 0.008232677
1226, 0.0079665305
1226, 0.008146765
1226, 0.007924169
1226, 0.008231476
1226, 0.0079856785
1226, 0.008103467
1227, 0.00808863
1227, 0.007682854
1227, 0.007850932
1227, 0.007525211
1227, 0.008182074
1227, 0.0077965404
1227, 0.008025715
1227, 0.007720247
1228, 0.007630623
1228, 0.007767803
1228, 0.0073319315
1228, 0.0073498273
1228, 0.0076281354
1228, 0.00748631
1228, 0.0073501505
1228, 0.007089098
1229, 0.008219869
1229, 0.008171713
1229, 0.007778348
1229, 0.00799632
1229, 0.0077849096
1229, 0.008302483
1229, 0.007364859
1229, 0.008148302
1230, 0.0076673664
1230, 0.0074819103
1230, 0.0076027727
1230, 0.0067385794
1230, 0.008403548
1230, 0.008502217
1230, 0.008299852
1230, 0.0077191596
1231, 0.00806193
1231, 0.008295989
1231, 0.0067962264
1231, 0.0075577474
1231, 0.008959406
1231, 0.009357046
1231, 0.0077486346
1231, 0.008673812
1232, 0.009107216
1232, 0.009839921
1232, 0.008522453
1232, 0.00899224
1232, 0.009853707
1232, 0.01020211
1232, 0.009255206
1232, 0.00934104
1233, 0.0065721804
1233, 0.0060190735
1233, 0.006502555
1233, 0.0060390458
1233, 0.0065744757
1233, 0.006203214
1233, 0.0065535475
1233, 0.006271891
1234, 0.0059984014
1234, 0.006069689
1234, 0.006066482
1234, 0.005840393
1234, 0.0061209663
1234, 0.006110551
1234, 0.0059086247
1234, 0.00560106
1235, 0.006359322
1235, 0.0076108975
1235, 0.0059583806
1235, 0.007321724
1235, 0.0065902323
1235, 0.0075581498
1235, 0.00628167
1235, 0.0073617073
1236, 0.008078308
1236, 0.0077580777
1236, 0.0077332277
1236, 0.007341053
1236, 0.0077876733
1236, 0.0077904635
1236, 0.007593965
1236, 0.007524646
1237, 0.007304411
1237, 0.006534451
1237, 0.007024899
1237, 0.0063505545
1237, 0.007290888
1237, 0.006562611
1237, 0.006977218
1237, 0.0063445456
1238, 0.005757976
1238, 0.005474187
1238, 0.005683449
1238, 0.0051299
1238, 0.0061839307
1238, 0.0061692623
1238, 0.0060902773
1238, 0.005805599
1239, 0.0053331577
1239, 0.0051558465
1239, 0.005218941
1239, 0.005208555
1239, 0.0060611954
1239, 0.00591624
1239, 0.0060004084
1239, 0.006022512
1240, 0.005872063
1240, 0.0069881645
1240, 0.005670875
1240, 0.0068872217
1240, 0.006189077
1240, 0.006857306
1240, 0.0059472034
1240, 0.006715631
1241, 0.007151739
1241, 0.006055294
1241, 0.006810627
1241, 0.005748491
1241, 0.0069130408
1241, 0.0055536013
1241, 0.0063687824
1241, 0.0050441115
1242, 0.005780509
1242, 0.00657718
1242, 0.005919559
1242, 0.0068517327
1242, 0.005183855
1242, 0.0062610325
1242, 0.0052733645
1242, 0.0064859055
1243, 0.007040039
1243, 0.0070048315
1243, 0.0069465414
1243, 0.006815233
1243, 0.0066001
1243, 0.006512876
1243, 0.0067878887
1243, 0.0066045634
1244, 0.007885437
1244, 0.00760139
1244, 0.0076844906
1244, 0.0073343227
1244, 0.0075360597
1244, 0.006856657
1244, 0.007313624
1244, 0.0065681855
1245, 0.007729381
1245, 0.007541582
1245, 0.0075976225
1245, 0.0076681105
1245, 0.0065523386
1245, 0.0067901243
1245, 0.0066848127
1245, 0.0071806116
1246, 0.0067760674
1246, 0.0062523284
1246, 0.006880749
1246, 0.005932024
1246, 0.0069449497
1246, 0.0066496055
1246, 0.006892686
1246, 0.0061719497
1247, 0.0057344143
1247, 0.0055463985
1247, 0.005036123
1247, 0.004956333
1247, 0.005999698
1247, 0.0057043023
1247, 0.005134233
1247, 0.004947228
1248, 0.0053880177
1248, 0.0050437897
1248, 0.0048734145
1248, 0.0046091382
1248, 0.0053313444
1248, 0.00547074
1248, 0.0048695426
1248, 0.0050887307
1249, 0.005188587
1249, 0.0055449945
1249, 0.0049087093
1249, 0.0054092463
1249, 0.005833852
1249, 0.005648535
1249, 0.0054293717
1249, 0.005388402
1250, 0.005978778
1250, 0.005866693
1250, 0.0058044433
1250, 0.0057197153
1250, 0.006084467
1250, 0.0063912305
1250, 0.005853914
1250, 0.0061879745
1251, 0.00572919
1251, 0.0061941054
1251, 0.005515453
1251, 0.0058903885
1251, 0.0059415083
1251, 0.006091841
1251, 0.005863353
1251, 0.005923905
1252, 0.006286563
1252, 0.006279047
1252, 0.006287373
1252, 0.0065015163
1252, 0.0059897453
1252, 0.005961472
1252, 0.0061203893
1252, 0.0063135684
1253, 0.006812264
1253, 0.007451511
1253, 0.0067928974
1253, 0.0071599735
1253, 0.0064461483
1253, 0.0068408013
1253, 0.00639287
1253, 0.006515597
1254, 0.0077132653
1254, 0.00789918
1254, 0.007334397
1254, 0.007535233
1254, 0.0072871745
1254, 0.0075407336
1254, 0.0068864254
1254, 0.0071548866
1255, 0.0051399237
1255, 0.005322721
1255, 0.005083994
1255, 0.005328804
1255, 0.0051333597
1255, 0.005306575
1255, 0.005072851
1255, 0.005308097
1256, 0.005793386
1256, 0.0059157093
1256, 0.0055028964
1256, 0.0056246864
1256, 0.0057140603
1256, 0.005787673
1256, 0.0054485067
1256, 0.005521601
1257, 0.005291182
1257, 0.004225903
1257, 0.0051009543
1257, 0.0039712526
1257, 0.0052841096
1257, 0.004365584
1257, 0.0050632064
1257, 0.0040802425
1258, 0.0037251243
1258, 0.0040382002
1258, 0.0037364592
1258, 0.0040936284
1258, 0.003555109
1258, 0.0033422043
1258, 0.0035864352
1258, 0.0034175962
1259, 0.0040993947
1259, 0.004003476
1259, 0.0040457165
1259, 0.003875152
1259, 0.0031009943
1259, 0.003029998
1259, 0.0028834196
1259, 0.0027378448
1260, 0.0040912945
1260, 0.0041893898
1260, 0.0037885716
1260, 0.0039022318
1260, 0.0034316701
1260, 0.0040717907
1260, 0.0032631962
1260, 0.003918792
1261, 0.0044779945
1261, 0.004692074
1261, 0.004187857
1261, 0.0044368613
1261, 0.0046039997
1261, 0.004647292
1261, 0.0043592313
1261, 0.004437511
1262, 0.004677727
1262, 0.0049596652
1262, 0.004323205
1262, 0.004560474
1262, 0.004474873
1262, 0.004793345
1262, 0.004110076
1262, 0.0043838676
1263, 0.0051858723
1263, 0.0053908904
1263, 0.0048779957
1263, 0.0050032856
1263, 0.0049570007
1263, 0.005216932
1263, 0.0045946375
1263, 0.004774871
1264, 0.0054488317
1264, 0.0053740432
1264, 0.005402891
1264, 0.0053005773
1264, 0.0051540313
1264, 0.0050220853
1264, 0.0052047092
1264, 0.00504525
1265, 0.0050473274
1265, 0.0048670787
1265, 0.0051455796
1265, 0.0051000533
1265, 0.0048856004
1265, 0.004712313
1265, 0.0049255746
1265, 0.004886984
1266, 0.0064923987
1266, 0.0059203706
1266, 0.006227007
1266, 0.0057237186
1266, 0.005708815
1266, 0.0053911153
1266, 0.0052397293
1266, 0.0049907113
1267, 0.005325758
1267, 0.005062617
1267, 0.004924081
1267, 0.0046445965
1267, 0.0050314707
1267, 0.004977098
1267, 0.004609764
1267, 0.0045389826
1268, 0.0048521515
1268, 0.0051432312
1268, 0.004838843
1268, 0.0055637327
1268, 0.004779155
1268, 0.004851553
1268, 0.0047676656
1268, 0.0052739107
1269, 0.005092624
1269, 0.0047071977
1269, 0.005787826
1269, 0.0052233147
1269, 0.0046732104
1269, 0.00449723
1269, 0.005305372
1269, 0.0049504796
1270, 0.004630516
1270, 0.004671599
1270, 0.004885207
1270, 0.0048670573
1270, 0.0041501084
1270, 0.003898335
1270, 0.004700021
1270, 0.0043889247
1271, 0.0042232443
1271, 0.003683203
1271, 0.0043707313
1271, 0.003868497
1271, 0.0037281981
1271, 0.0031701038
1271, 0.0038376122
1271, 0.00331734
1272, 0.0035303468
1272, 0.0037844896
1272, 0.0036316772
1272, 0.0037442949
1272, 0.003039586
1272, 0.003437664
1272, 0.0030747447
1272, 0.0033312927
1273, 0.0038382523
1273, 0.004332866
1273, 0.003924106
1273, 0.004632098
1273, 0.0033217436
1273, 0.0036424606
1273, 0.003413469
1273, 0.0039474433
1274, 0.00476705
1274, 0.0048620556
1274, 0.004828281
1274, 0.004970751
1274, 0.0038866228
1274, 0.004033566
1274, 0.0039834497
1274, 0.0041778064
1275, 0.00569689
1275, 0.0060841255
1275, 0.0055574374
1275, 0.0057538217
1275, 0.0049989736
1275, 0.005411834
1275, 0.00493861
1275, 0.0051607033
1276, 0.006636443
1276, 0.0068338374
1276, 0.0064965724
1276, 0.006479289
1276, 0.005861981
1276, 0.005868816
1276, 0.005695307
1276, 0.0054877046
1277, 0.0046260776
1277, 0.0045309896
1277, 0.0044929087
1277, 0.0044765067
1277, 0.0038568755
1277, 0.003875266
1277, 0.0039457935
1277, 0.004042905
1278, 0.0044098636
1278, 0.0049426714
1278, 0.0047468413
1278, 0.0054168017
1278, 0.0040252856
1278, 0.0046265624
1278, 0.004279034
1278, 0.005017382
1279, 0.0056031994
1279, 0.0065693073
1279, 0.005929132
1279, 0.006703381
1279, 0.0053541306
1279, 0.006326255
1279, 0.005577759
1279, 0.006357906
1280, 0.007127713
1280, 0.0069124587
1280, 0.0071457596
1280, 0.006947444
1280, 0.006809722
1280, 0.006785461
1280, 0.0069074933
1280, 0.0069001275
1281, 0.0066593713
1281, 0.006089397
1281, 0.0069800215
1281, 0.0063910484
1281, 0.0067371833
1281, 0.006232722
1281, 0.0067601595
1281, 0.006236892
1282, 0.0055019227
1282, 0.0052564926
1282, 0.00592335
1282, 0.0056642224
1282, 0.005580781
1282, 0.0051590907
1282, 0.0058123423
1282, 0.0053769886
1283, 0.004805909
1283, 0.0044972077
1283, 0.004918175
1283, 0.0048125824
1283, 0.0046787583
1283, 0.004306984
1283, 0.004927245
1283, 0.004758636
1284, 0.004372316
1284, 0.004954801
1284, 0.0046425043
1284, 0.0047191773
1284, 0.0041803885
1284, 0.0049847458
1284, 0.0045917896
1284, 0.004890321
1285, 0.0049788454
1285, 0.0047254004
1285, 0.004874329
1285, 0.0047871163
1285, 0.004995723
1285, 0.00487102
1285, 0.004929788
1285, 0.004971296
1286, 0.0047820928
1286, 0.0046294187
1286, 0.0047131255
1286, 0.004635733
1286, 0.004987316
1286, 0.0044907723
1286, 0.004894099
1286, 0.004472873
1287, 0.0050428156
1287, 0.004801619
1287, 0.0048337313
1287, 0.004646238
1287, 0.004551621
1287, 0.004099006
1287, 0.004420863
1287, 0.0040218853
1288, 0.004188128
1288, 0.0051088855
1288, 0.0043012872
1288, 0.0050359936
1288, 0.0046739746
1288, 0.0054540047
1288, 0.0047788764
1288, 0.005372726
1289, 0.0058396826
1289, 0.0065554664
1289, 0.0059688375
1289, 0.0067746546
1289, 0.0058980337
1289, 0.006568457
1289, 0.0060027605
1289, 0.006763166
1290, 0.006626144
1290, 0.0067061894
1290, 0.00679339
1290, 0.006754031
1290, 0.0065969215
1290, 0.006504599
1290, 0.006805276
1290, 0.0065935454
1291, 0.006651995
1291, 0.00656913
1291, 0.0065882998
1291, 0.00689587
1291, 0.0065485905
1291, 0.0067040822
1291, 0.006448826
1291, 0.006994784
1292, 0.006896592
1292, 0.0071885413
1292, 0.0074683796
1292, 0.0076144133
1292, 0.0065856436
1292, 0.0063126916
1292, 0.007336337
1292, 0.0069172364
1293, 0.0072029997
1293, 0.006763053
1293, 0.0079025095
1293, 0.007522238
1293, 0.006185863
1293, 0.0059106397
1293, 0.006741051
1293, 0.006525532
1294, 0.006093618
1294, 0.0061577903
1294, 0.0066679264
1294, 0.0065857563
1294, 0.0058261277
1294, 0.005881208
1294, 0.006324867
1294, 0.006233537
1295, 0.005755098
1295, 0.0048621297
1295, 0.0062045935
1295, 0.005191754
1295, 0.0054258425
1295, 0.0045654494
1295, 0.005774126
1295, 0.004794026
1296, 0.004811501
1296, 0.0050128773
1296, 0.004893728
1296, 0.005046203
1296, 0.00425887
1296, 0.004391784
1296, 0.004346963
1296, 0.004431001
1297, 0.0048974035
1297, 0.004381693
1297, 0.004879994
1297, 0.0043448755
1297, 0.0044316747
1297, 0.0042353855
1297, 0.004450032
1297, 0.0042343084
1298, 0.004214798
1298, 0.0038729848
1298, 0.003976931
1298, 0.00388066
1298, 0.0043005934
1298, 0.00420473
1298, 0.0041927523
1298, 0.0043425355
1299, 0.0053797904
1299, 0.0055061723
1299, 0.0059187473
1299, 0.006073207
1299, 0.0056409556
1299, 0.005673297
1299, 0.006241695
1299, 0.0063020824
1300, 0.006281552
1300, 0.0073849913
1300, 0.0065094167
1300, 0.0076289424
1300, 0.0061337934
1300, 0.0070987614
1300, 0.006452049
1300, 0.0074332305
1301, 0.0077614463
1301, 0.0079025375
1301, 0.008217876
1301, 0.008484173
1301, 0.0075308657
1301, 0.007861583
1301, 0.007831754
1301, 0.008287638
1302, 0.008199825
1302, 0.009169138
1302, 0.009033755
1302, 0.00981999
1302, 0.008142239
1302, 0.008940243
1302, 0.008843781
1302, 0.009458531
1303, 0.010059131
1303, 0.009998035
1303, 0.010174248
1303, 0.010121002
1303, 0.009677721
1303, 0.0093667535
1303, 0.009750742
1303, 0.0094476575
1304, 0.010185477
1304, 0.010139074
1304, 0.010189228
1304, 0.010234738
1304, 0.009322511
1304, 0.009359569
1304, 0.01001104
1304, 0.010140249
1305, 0.009389317
1305, 0.009080425
1305, 0.010294632
1305, 0.009996294
1305, 0.008961947
1305, 0.008704991
1305, 0.00967945
1305, 0.009433093
1306, 0.008790057
1306, 0.007963192
1306, 0.009794309
1306, 0.0089536365
1306, 0.00822628
1306, 0.0071397466
1306, 0.00899774
1306, 0.007897684
1307, 0.0073192636
1307, 0.0066852467
1307, 0.008232844
1307, 0.0075610783
1307, 0.0064909672
1307, 0.0060652276
1307, 0.007475484
1307, 0.0070121186
1308, 0.006047957
1308, 0.0054954374
1308, 0.006787008
1308, 0.006175758
1308, 0.00556442
1308, 0.0049185776
1308, 0.006346182
1308, 0.0056415144
1309, 0.005169123
1309, 0.0052595204
1309, 0.0060184263
1309, 0.006121033
1309, 0.004796127
1309, 0.0053597414
1309, 0.0054445732
1309, 0.0060204878
1310, 0.0073410776
1310, 0.0073729767
1310, 0.007903853
1310, 0.007963587
1310, 0.008059162
1310, 0.008306138
1310, 0.00875424
1310, 0.009029198
1311, 0.0076741115
1311, 0.00829923
1311, 0.008246925
1311, 0.008612007
1311, 0.008418902
1311, 0.008839007
1311, 0.009121201
1311, 0.009281053
1312, 0.009192275
1312, 0.009987286
1312, 0.00922432
1312, 0.009891542
1312, 0.009289149
1312, 0.009983334
1312, 0.009362983
1312, 0.009929458
1313, 0.010357848
1313, 0.010324558
1313, 0.010146702
1313, 0.010000883
1313, 0.010311603
1313, 0.010167471
1313, 0.010215791
1313, 0.009959185
1314, 0.010193255
1314, 0.009845732
1314, 0.010028253
1314, 0.009910349
1314, 0.010280754
1314, 0.010466487
1314, 0.010137872
1314, 0.010553219
1315, 0.010162807
1315, 0.011008607
1315, 0.010173027
1315, 0.010974202
1315, 0.011614533
1315, 0.012328394
1315, 0.011266796
1315, 0.0119356355
1316, 0.011882402
1316, 0.012273643
1316, 0.011782942
1316, 0.012276252
1316, 0.012362146
1316, 0.012613282
1316, 0.012313182
1316, 0.012666417
1317, 0.012052908
1317, 0.0107987
1317, 0.012412969
1317, 0.011163562
1317, 0.012246774
1317, 0.011170222
1317, 0.012697483
1317, 0.011625601
1318, 0.010076598
1318, 0.009866094
1318, 0.010683599
1318, 0.010369809
1318, 0.010828119
1318, 0.010426004
1318, 0.0114066545
1318, 0.010901126
1319, 0.009177454
1319, 0.008113271
1319, 0.009847323
1319, 0.009005346
1319, 0.009654786
1319, 0.008704935
1319, 0.009997737
1319, 0.0092704715
1320, 0.0075094467
1320, 0.007729739
1320, 0.007881131
1320, 0.0081631765
1320, 0.007984385
1320, 0.0080458345
1320, 0.0084861135
1320, 0.008609387
1321, 0.010113365
1321, 0.009971585
1321, 0.009985983
1321, 0.009916854
1321, 0.011036661
1321, 0.011079341
1321, 0.010892418
1321, 0.011007862
1322, 0.009698769
1322, 0.009341774
1322, 0.009760292
1322, 0.009396734
1322, 0.010814825
1322, 0.01081152
1322, 0.0108801965
1322, 0.010870334
1323, 0.008946378
1323, 0.008447443
1323, 0.008884659
1323, 0.008380297
1323, 0.009947299
1323, 0.008914604
1323, 0.010017943
1323, 0.008979716
1324, 0.008183944
1324, 0.008185287
1324, 0.00790871
1324, 0.007930709
1324, 0.008553863
1324, 0.008596671
1324, 0.008267707
1324, 0.0083311675
1325, 0.008398857
1325, 0.00874924
1325, 0.00836239
1325, 0.00874198
1325, 0.008862718
1325, 0.0094230715
1325, 0.008809161
1325, 0.009398715
1326, 0.00906301
1326, 0.009420417
1326, 0.009079749
1326, 0.009353703
1326, 0.009893884
1326, 0.0100761205
1326, 0.00983657
1326, 0.0099352915
1327, 0.009876813
1327, 0.01038191
1327, 0.009470515
1327, 0.00994397
1327, 0.010316207
1327, 0.0107340375
1327, 0.010004698
1327, 0.010390975
1328, 0.011098764
1328, 0.01057898
1328, 0.010439367
1328, 0.009866286
1328, 0.011305265
1328, 0.0109594995
1328, 0.010542693
1328, 0.010143725
1329, 0.010984135
1329, 0.011790153
1329, 0.010568352
1329, 0.01188698
1329, 0.0116694635
1329, 0.012273174
1329, 0.011403591
1329, 0.012520565
1330, 0.011788544
1330, 0.010947255
1330, 0.012141528
1330, 0.011189291
1330, 0.011740137
1330, 0.011081657
1330, 0.012071308
1330, 0.011302046
1331, 0.009958697
1331, 0.010299796
1331, 0.0105230175
1331, 0.010521216
1331, 0.010586839
1331, 0.01078068
1331, 0.011014413
1331, 0.010865183
