element_id,Strain
1, 0.0050643557
1, 0.0049638217
1, 0.005048078
1, 0.0049521583
1, 0.0051735453
1, 0.0050164694
1, 0.00517697
1, 0.0050245095
2, 0.0046268255
2, 0.0043635042
2, 0.0047445456
2, 0.0044157053
2, 0.0045827734
2, 0.004288704
2, 0.0046799523
2, 0.004320377
3, 0.0042189234
3, 0.00423926
3, 0.004183951
3, 0.004235188
3, 0.0041394234
3, 0.004188753
3, 0.004105846
3, 0.0041860733
4, 0.004151999
4, 0.004151671
4, 0.004115026
4, 0.0041202423
4, 0.0041771787
4, 0.0042407694
4, 0.004098433
4, 0.0041675596
5, 0.004542042
5, 0.0050776917
5, 0.0042942557
5, 0.0047735227
5, 0.0046049873
5, 0.005122925
5, 0.004341594
5, 0.0048031467
6, 0.0053676357
6, 0.005168037
6, 0.005088888
6, 0.0049044825
6, 0.005360879
6, 0.005123599
6, 0.005089977
6, 0.004867893
7, 0.0051010065
7, 0.00530784
7, 0.0048816167
7, 0.0050288783
7, 0.004943803
7, 0.0050128717
7, 0.0047562085
7, 0.004765759
8, 0.004862138
8, 0.0042955675
8, 0.0046383445
8, 0.0041779242
8, 0.004896982
8, 0.0047667054
8, 0.0046504703
8, 0.0046263346
9, 0.004235378
9, 0.0041991407
9, 0.00416227
9, 0.0042487844
9, 0.004606682
9, 0.0041232584
9, 0.0045111384
9, 0.0041505056
10, 0.00449917
10, 0.0049051545
10, 0.004411643
10, 0.0047635273
10, 0.0042026904
10, 0.0047911988
10, 0.0042190943
10, 0.0047536064
11, 0.0049839807
11, 0.004982515
11, 0.005018853
11, 0.0049673966
11, 0.0051344857
11, 0.0051486655
11, 0.005126857
11, 0.0050910525
12, 0.004580687
12, 0.0047582784
12, 0.0045070644
12, 0.0045656194
12, 0.004503268
12, 0.0046906266
12, 0.0043604155
12, 0.004428743
13, 0.0044222097
13, 0.0036038451
13, 0.004132381
13, 0.0033579222
13, 0.0043108924
13, 0.003506562
13, 0.0041359123
13, 0.0033753992
14, 0.0029094266
14, 0.0028313845
14, 0.0029108953
14, 0.0027778351
14, 0.002835188
14, 0.0028726272
14, 0.0028141586
14, 0.0027965815
15, 0.0027912622
15, 0.0029637797
15, 0.0027116274
15, 0.0028924516
15, 0.002856991
15, 0.0030129002
15, 0.002770001
15, 0.0029342151
16, 0.0030772754
16, 0.003164636
16, 0.0030449687
16, 0.0030952175
16, 0.0031385033
16, 0.0032674817
16, 0.0031267721
16, 0.003218637
17, 0.0036262241
17, 0.0039251437
17, 0.0035445055
17, 0.003836873
17, 0.003767601
17, 0.004118398
17, 0.0037176278
17, 0.0040618703
18, 0.004238496
18, 0.0042076036
18, 0.0040002693
18, 0.004008762
18, 0.0043933485
18, 0.004275002
18, 0.004160732
18, 0.0040817847
19, 0.0042793904
19, 0.004943853
19, 0.004095067
19, 0.0048022526
19, 0.004213155
19, 0.0042631156
19, 0.003972636
19, 0.0040653674
20, 0.0049837795
20, 0.0043794694
20, 0.004841691
20, 0.004263169
20, 0.004167822
20, 0.0040205726
20, 0.004017603
20, 0.0038960897
21, 0.0042152815
21, 0.004565637
21, 0.0041533737
21, 0.004338246
21, 0.0041516935
21, 0.004694492
21, 0.004106395
21, 0.004483671
22, 0.0047440613
22, 0.0045243804
22, 0.0043801903
22, 0.004383813
22, 0.0048596617
22, 0.0044762464
22, 0.004470336
22, 0.004310272
23, 0.0024392458
23, 0.0018794826
23, 0.002038929
23, 0.001518269
23, 0.002235826
23, 0.001750277
23, 0.0018201856
23, 0.0013737183
24, 0.0017298044
24, 0.0019812174
24, 0.0014684836
24, 0.0017659413
24, 0.0018442733
24, 0.0021827747
24, 0.0015283703
24, 0.001912903
25, 0.0025146005
25, 0.002806369
25, 0.002370321
25, 0.002658154
25, 0.0025012756
25, 0.0026563115
25, 0.0023437957
25, 0.0024949112
26, 0.002843043
26, 0.002734451
26, 0.00265303
26, 0.0025543196
26, 0.0027047144
26, 0.0026748145
26, 0.0025672347
26, 0.0025472145
27, 0.0023348776
27, 0.0020283898
27, 0.0022490383
27, 0.001973274
27, 0.0023438055
27, 0.0020965736
27, 0.0022475799
27, 0.0020310706
28, 0.0018649154
28, 0.0017796232
28, 0.0018248498
28, 0.0017599909
28, 0.0020531018
28, 0.0021003617
28, 0.002085056
28, 0.0021527451
29, 0.0019830137
29, 0.0022673558
29, 0.0020389885
29, 0.0022549897
29, 0.002237667
29, 0.0024632157
29, 0.002278144
29, 0.0024353443
30, 0.0022671353
30, 0.0023434
30, 0.002197283
30, 0.002201311
30, 0.0024606325
30, 0.0024511348
30, 0.0024072707
30, 0.0023255367
31, 0.0023242622
31, 0.0021346037
31, 0.0018533204
31, 0.0017000609
31, 0.002420007
31, 0.0022859725
31, 0.0019958548
31, 0.0018981976
32, 0.0020374795
32, 0.0021983874
32, 0.0019244927
32, 0.0021225207
32, 0.0021804755
32, 0.0021228755
32, 0.0020040688
32, 0.001983612
33, 0.0024359364
33, 0.0026210481
33, 0.002222058
33, 0.002331921
33, 0.0022212896
33, 0.002418743
33, 0.0019918873
33, 0.0021141006
34, 0.0023573407
34, 0.0024469683
34, 0.0022905574
34, 0.0024155388
34, 0.0024128323
34, 0.0024358255
34, 0.0023669866
34, 0.0024253312
35, 0.002552054
35, 0.0026381032
35, 0.0025366978
35, 0.0025926405
35, 0.0025986468
35, 0.002582958
35, 0.0025723523
35, 0.0025265561
36, 0.002496616
36, 0.0021613478
36, 0.0023891225
36, 0.0020772696
36, 0.0022895103
36, 0.0019697961
36, 0.002225161
36, 0.0019288457
37, 0.0017482186
37, 0.0017136949
37, 0.0016659992
37, 0.001563334
37, 0.0016857152
37, 0.0016568948
37, 0.0016425893
37, 0.0015456188
38, 0.0018055462
38, 0.0019665714
38, 0.0016455395
38, 0.0017987997
38, 0.0016607664
38, 0.0018038739
38, 0.0014970611
38, 0.0016324068
39, 0.0022780125
39, 0.0025207251
39, 0.0020311202
39, 0.0023524493
39, 0.0022472462
39, 0.0024510445
39, 0.0019704755
39, 0.002252906
40, 0.0028682358
40, 0.0029434229
40, 0.0027951915
40, 0.002864896
40, 0.002632978
40, 0.002859571
40, 0.00254607
40, 0.0027671715
41, 0.002976277
41, 0.0029550102
41, 0.0028287119
41, 0.0027995822
41, 0.0030673873
41, 0.0030893835
41, 0.0029318747
41, 0.0029460026
42, 0.002795259
42, 0.0028151327
42, 0.0028862855
42, 0.002926456
42, 0.0029130941
42, 0.0028147085
42, 0.00293566
42, 0.0028575656
43, 0.002832067
43, 0.0027120137
43, 0.0027578922
43, 0.0026188032
43, 0.0027299577
43, 0.0026430758
43, 0.0026660457
43, 0.0025601275
44, 0.0025169582
44, 0.0023535194
44, 0.0024267298
44, 0.0022440602
44, 0.0024932446
44, 0.0024242334
44, 0.002404506
44, 0.0023162581
45, 0.0016312901
45, 0.0016810913
45, 0.0015995698
45, 0.001640762
45, 0.0014737606
45, 0.0016652613
45, 0.0014641932
45, 0.0016470836
46, 0.001764784
46, 0.0016972038
46, 0.00165625
46, 0.0016178564
46, 0.0018373221
46, 0.0017492855
46, 0.0016639584
46, 0.0016051125
47, 0.0016375189
47, 0.0016992629
47, 0.0015754683
47, 0.0016240337
47, 0.0016986805
47, 0.0017794983
47, 0.0017251015
47, 0.0017927418
48, 0.0017645833
48, 0.0017957152
48, 0.0017463813
48, 0.0017864603
48, 0.0019041937
48, 0.0019179329
48, 0.0018186949
48, 0.001841384
49, 0.0017686961
49, 0.0015102422
49, 0.0016335391
49, 0.0013571148
49, 0.0017844711
49, 0.0015502038
49, 0.0016724445
49, 0.0014201981
50, 0.001401378
50, 0.001670296
50, 0.0012996212
50, 0.0015377782
50, 0.001497399
50, 0.0016435595
50, 0.0013508496
50, 0.0014662469
51, 0.0018728821
51, 0.0019735345
51, 0.0017704684
51, 0.0019266908
51, 0.0016709688
51, 0.0018227756
51, 0.0016217848
51, 0.0018291577
52, 0.001989225
52, 0.0019782993
52, 0.0018717945
52, 0.001858258
52, 0.0019707575
52, 0.0019345793
52, 0.0018619581
52, 0.001823171
53, 0.0019697663
53, 0.001933877
53, 0.0018565234
53, 0.0017912203
53, 0.0018381726
53, 0.0018667838
53, 0.0017248745
53, 0.0017240718
54, 0.0016523047
54, 0.0014039138
54, 0.0016880211
54, 0.0014544004
54, 0.0016233536
54, 0.0013702747
54, 0.0016022682
54, 0.0013639691
55, 0.0012983504
55, 0.0014073709
55, 0.0013273448
55, 0.0014304488
55, 0.001243984
55, 0.0012429311
55, 0.0013110919
55, 0.0013041191
56, 0.0028007738
56, 0.0026947558
56, 0.0028016504
56, 0.002717343
56, 0.0028286527
56, 0.0026012938
56, 0.0028550443
56, 0.0026493908
57, 0.0026280484
57, 0.002674455
57, 0.0026352992
57, 0.002720711
57, 0.0024268173
57, 0.0024926935
57, 0.002471035
57, 0.002575916
58, 0.0024269635
58, 0.0021697518
58, 0.0025769332
58, 0.0022724979
58, 0.002487593
58, 0.0024128584
58, 0.0025364966
58, 0.0024145637
59, 0.0019373026
59, 0.0017575006
59, 0.0019892117
59, 0.0018057905
59, 0.0020959822
59, 0.0018011824
59, 0.002169576
59, 0.0018711475
60, 0.0016494397
60, 0.0017111663
60, 0.0017912823
60, 0.0018658249
60, 0.0016371894
60, 0.0016479995
60, 0.001774014
60, 0.0017976344
61, 0.0016725265
61, 0.0014557283
61, 0.0017975315
61, 0.0015485816
61, 0.0016550939
61, 0.0016091343
61, 0.0017816201
61, 0.0017035202
62, 0.0014068421
62, 0.0015910235
62, 0.0014057045
62, 0.0015736199
62, 0.0015695596
62, 0.001684865
62, 0.0015348532
62, 0.0016338846
63, 0.0014414496
63, 0.0014267369
63, 0.0015341968
63, 0.0015778259
63, 0.00154829
63, 0.0014496556
63, 0.0016265296
63, 0.0015862364
64, 0.001508298
64, 0.0015306794
64, 0.0014335501
64, 0.001486552
64, 0.0014507341
64, 0.0015426368
64, 0.0014677956
64, 0.0015903255
65, 0.0020093597
65, 0.0025000337
65, 0.0019692269
65, 0.0024540727
65, 0.0018840972
65, 0.0021974118
65, 0.001836121
65, 0.0021436138
66, 0.0028278888
66, 0.0027971612
66, 0.002888736
66, 0.0028005373
66, 0.0026726832
66, 0.0028170408
66, 0.0027180114
66, 0.0028049042
67, 0.0011173423
67, 0.0010887109
67, 0.0012878446
67, 0.0012492454
67, 0.0011939983
67, 0.0011796929
67, 0.001335413
67, 0.0013111414
68, 0.0013092202
68, 0.0016874686
68, 0.0014159587
68, 0.001719854
68, 0.0013464373
68, 0.0016436201
68, 0.0014936776
68, 0.001716508
69, 0.0023169375
69, 0.0026833722
69, 0.002278902
69, 0.002731545
69, 0.0021902528
69, 0.002533529
69, 0.0021250744
69, 0.0025545321
70, 0.0030853117
70, 0.0033660587
70, 0.003310533
70, 0.003645929
70, 0.0029832902
70, 0.003228205
70, 0.003211744
70, 0.003511302
71, 0.003541466
71, 0.003375316
71, 0.0036848655
71, 0.0034913674
71, 0.003360283
71, 0.003158691
71, 0.00354614
71, 0.003317186
72, 0.0032128606
72, 0.0031062737
72, 0.0033212726
72, 0.003253887
72, 0.002983071
72, 0.0028513798
72, 0.0031288655
72, 0.0030363677
73, 0.0028084319
73, 0.0024921224
73, 0.0030134392
73, 0.0025722585
73, 0.0024386535
73, 0.002091972
73, 0.0026304496
73, 0.0021589566
74, 0.0023274312
74, 0.0026066012
74, 0.0023358231
74, 0.0025941764
74, 0.0019998525
74, 0.0022581192
74, 0.001985143
74, 0.002222589
75, 0.002766035
75, 0.0029348552
75, 0.0028648223
75, 0.0029561955
75, 0.0024327664
75, 0.0025256937
75, 0.002455596
75, 0.002471094
76, 0.002678129
76, 0.002099944
76, 0.002716539
76, 0.0022447333
76, 0.0021520206
76, 0.0018639639
76, 0.002220037
76, 0.0020383243
77, 0.0015318703
77, 0.0012543605
77, 0.0015970013
77, 0.001367754
77, 0.0015433047
77, 0.0012891039
77, 0.0016236297
77, 0.0014176905
78, 0.0030348005
78, 0.0029597352
78, 0.0030391582
78, 0.0030578277
78, 0.002565438
78, 0.002661592
78, 0.0026268822
78, 0.0028167774
79, 0.0025684908
79, 0.0022669903
79, 0.00277023
79, 0.0025720706
79, 0.0024429704
79, 0.002284258
79, 0.002679632
79, 0.0026243092
80, 0.0019384563
80, 0.0019481678
80, 0.0023295912
80, 0.002362728
80, 0.001825731
80, 0.0017158602
80, 0.0022480183
80, 0.0021615352
81, 0.0019968539
81, 0.0020699
81, 0.0022654666
81, 0.0021660565
81, 0.0018819199
81, 0.0021536762
81, 0.0021202785
81, 0.002219604
82, 0.0020802082
82, 0.001742417
82, 0.0022107933
82, 0.0017818172
82, 0.0022988664
82, 0.0020592622
82, 0.0023716586
82, 0.002040887
83, 0.0016132201
83, 0.0016521313
83, 0.0015856356
83, 0.0016610067
83, 0.0018784279
83, 0.0017019546
83, 0.001763405
83, 0.0016233929
84, 0.0016779639
84, 0.0015738283
84, 0.0017162296
84, 0.0016327209
84, 0.0015715606
84, 0.0015424546
84, 0.0016827333
84, 0.0016742316
85, 0.0015513235
85, 0.0014781497
85, 0.0017200464
85, 0.0015830157
85, 0.0016459725
85, 0.0017027138
85, 0.0018148322
85, 0.0018077238
86, 0.0016369125
86, 0.0017240224
86, 0.001618327
86, 0.0017051004
86, 0.0018284938
86, 0.0017465304
86, 0.0018177512
86, 0.0017354512
87, 0.0023509937
87, 0.0030814374
87, 0.00218386
87, 0.0028837111
87, 0.0021859037
87, 0.00273604
87, 0.0020034874
87, 0.0025230572
88, 0.003211471
88, 0.003163898
88, 0.003192245
88, 0.0032254686
88, 0.0028656481
88, 0.0026865304
88, 0.002832866
88, 0.002734522
89, 0.001822078
89, 0.0018751036
89, 0.0017775167
89, 0.0017952739
89, 0.0026160374
89, 0.0024564317
89, 0.0025850164
89, 0.0023901265
90, 0.0021292435
90, 0.0029150674
90, 0.0019499554
90, 0.002739346
90, 0.002573379
90, 0.0031312844
90, 0.0023987745
90, 0.0029602826
91, 0.0036978838
91, 0.004214682
91, 0.0033760667
91, 0.0039505092
91, 0.0036994843
91, 0.0042573614
91, 0.0033755319
91, 0.0039910404
92, 0.0043687425
92, 0.004122879
92, 0.0043105944
92, 0.0041662045
92, 0.0043935482
92, 0.0040807426
92, 0.0042978683
92, 0.004086542
93, 0.0038175778
93, 0.0031973151
93, 0.0039186967
93, 0.0033802167
93, 0.003749058
93, 0.0031039827
93, 0.0038635922
93, 0.0033002787
94, 0.0026860202
94, 0.0025131302
94, 0.0030056036
94, 0.0027841637
94, 0.0025401264
94, 0.0024122926
94, 0.0028434687
94, 0.002667109
95, 0.002496226
95, 0.0025064624
95, 0.0025764846
95, 0.0026081218
95, 0.00256777
95, 0.0026877855
95, 0.002636197
95, 0.0027776263
96, 0.0027547912
96, 0.0027595938
96, 0.0028932274
96, 0.002896881
96, 0.0029576337
96, 0.0030452833
96, 0.0030825252
96, 0.0031690341
97, 0.002523615
97, 0.002215273
97, 0.0030258049
97, 0.0027428805
97, 0.0027898953
97, 0.0024066633
97, 0.003239264
97, 0.0028814457
98, 0.0019145425
98, 0.0017204747
98, 0.0023560084
98, 0.0020488095
98, 0.0021132466
98, 0.0021159148
98, 0.0026498374
98, 0.0025394089
99, 0.0017992093
99, 0.0019699899
99, 0.0017780736
99, 0.0018555188
99, 0.002398877
99, 0.002701363
99, 0.002385412
99, 0.0025945087
100, 0.0037316873
100, 0.0041810884
100, 0.0041173496
100, 0.004600659
100, 0.0038048641
100, 0.004306204
100, 0.0041418783
100, 0.0046771183
101, 0.0043064556
101, 0.0044969283
101, 0.0048967367
101, 0.0050517926
101, 0.0045081116
101, 0.0047881636
101, 0.005085041
101, 0.005329691
102, 0.0045749918
102, 0.0047321627
102, 0.0049489276
102, 0.004981611
102, 0.0046981797
102, 0.004704915
102, 0.005085248
102, 0.0049674613
103, 0.0048367004
103, 0.0048128837
103, 0.0049698087
103, 0.004846709
103, 0.004678865
103, 0.004609165
103, 0.0048196902
103, 0.0046507297
104, 0.004872678
104, 0.004776045
104, 0.0048437975
104, 0.0048563867
104, 0.00472668
104, 0.0046406514
104, 0.0046883062
104, 0.004711486
105, 0.004685524
105, 0.004586992
105, 0.0048700003
105, 0.00471661
105, 0.0045373705
105, 0.004601025
105, 0.0047797826
105, 0.004788603
106, 0.0043593175
106, 0.004146685
106, 0.0046246033
106, 0.0044609504
106, 0.004516033
106, 0.0042734398
106, 0.0047639394
106, 0.0045703286
107, 0.004282269
107, 0.004476769
107, 0.0045727175
107, 0.004708482
107, 0.004361222
107, 0.004512559
107, 0.0047171125
107, 0.0048096916
108, 0.0052627283
108, 0.0055915467
108, 0.0055369306
108, 0.0057240855
108, 0.0052482276
108, 0.005783579
108, 0.005495996
108, 0.005889751
109, 0.005518172
109, 0.004934241
109, 0.005503354
109, 0.00515118
109, 0.0058703
109, 0.0051031574
109, 0.0057918527
109, 0.0052565066
110, 0.0040547177
110, 0.0037500116
110, 0.004358933
110, 0.0041447813
110, 0.004131888
110, 0.0037590922
110, 0.0044701137
110, 0.004187862
111, 0.0052195373
111, 0.0054606856
111, 0.005291639
111, 0.005477391
111, 0.005271584
111, 0.005507247
111, 0.005347062
111, 0.0055273236
112, 0.005561328
112, 0.005590274
112, 0.005392272
112, 0.0053614797
112, 0.0056925886
112, 0.005829898
112, 0.005455841
112, 0.005533371
113, 0.0052355523
113, 0.0047916626
113, 0.0050277617
113, 0.0046060537
113, 0.0054358966
113, 0.005019371
113, 0.005216702
113, 0.004822361
114, 0.00455678
114, 0.0044853725
114, 0.0043433295
114, 0.0044266297
114, 0.0047366945
114, 0.0046162517
114, 0.004583166
114, 0.0046174396
115, 0.0047698063
115, 0.005335456
115, 0.0049434174
115, 0.0055124243
115, 0.0048769163
115, 0.005355894
115, 0.0050528743
115, 0.005535199
116, 0.005682419
116, 0.0055316016
116, 0.0057220366
116, 0.005554139
116, 0.0056303293
116, 0.0053564273
116, 0.005639666
116, 0.005348697
117, 0.0054092696
117, 0.0053348425
117, 0.0053986744
117, 0.0054126563
117, 0.005179457
117, 0.0051304926
117, 0.005110528
117, 0.005149935
118, 0.0050417315
118, 0.004650107
118, 0.005085672
118, 0.0047143525
118, 0.005036298
118, 0.004825686
118, 0.005107607
118, 0.0049173017
119, 0.0046963193
119, 0.0041775536
119, 0.004623144
119, 0.0040919036
119, 0.0047433954
119, 0.00425579
119, 0.004778281
119, 0.0042780824
120, 0.0041178274
120, 0.00465735
120, 0.0041606063
120, 0.0046981014
120, 0.004203553
120, 0.004613312
120, 0.0041978154
120, 0.0046054944
121, 0.0046680537
121, 0.00494362
121, 0.0048821825
121, 0.005016013
121, 0.0047412016
121, 0.005037574
121, 0.0049713864
121, 0.005125988
122, 0.0053487835
122, 0.0053317817
122, 0.0052486956
122, 0.005204616
122, 0.005273156
122, 0.0056325393
122, 0.005122246
122, 0.0054545044
123, 0.004971274
123, 0.0047156014
123, 0.004893223
123, 0.0044865697
123, 0.0055172476
123, 0.0051890877
123, 0.0054359427
123, 0.0049567344
124, 0.004466957
124, 0.0045990613
124, 0.004155877
124, 0.004351321
124, 0.0048877676
124, 0.0049939337
124, 0.00455805
124, 0.004727577
125, 0.0045376504
125, 0.0044698645
125, 0.0042585046
125, 0.0042807683
125, 0.004755877
125, 0.004540303
125, 0.0045069363
125, 0.0043814345
126, 0.004731126
126, 0.00511832
126, 0.00440629
126, 0.0047763716
126, 0.0046840827
126, 0.0048967507
126, 0.0043881885
126, 0.004583796
127, 0.005170157
127, 0.0048920857
127, 0.004934846
127, 0.0047636963
127, 0.0049022404
127, 0.0045642518
127, 0.0046989773
127, 0.0044678836
128, 0.0046981173
128, 0.004218799
128, 0.004741574
128, 0.0043159085
128, 0.0043869456
128, 0.003875197
128, 0.004517094
128, 0.004058899
129, 0.0042671016
129, 0.0043589906
129, 0.004252163
129, 0.004186356
129, 0.004087757
129, 0.004043653
129, 0.004054649
129, 0.003852805
130, 0.004194683
130, 0.003924308
130, 0.003939214
130, 0.0038583889
130, 0.0035247055
130, 0.0032154662
130, 0.0031027233
130, 0.0029828285
131, 0.003543506
131, 0.0044053136
131, 0.0036318365
131, 0.004442798
131, 0.002932431
131, 0.0040005506
131, 0.003108242
131, 0.0041256864
132, 0.0051242057
132, 0.00501941
132, 0.0050852285
132, 0.004880837
132, 0.004692249
132, 0.0046926136
132, 0.0046445574
132, 0.0045453887
133, 0.0044625807
133, 0.0044963243
133, 0.0042743073
133, 0.0042373626
133, 0.0044655916
133, 0.004076881
133, 0.0043216813
133, 0.003862362
134, 0.0039739045
134, 0.003214892
134, 0.0038324427
134, 0.0030994078
134, 0.0036384275
134, 0.0031177138
134, 0.0034108695
134, 0.0029161645
135, 0.00268573
135, 0.0029080422
135, 0.0026801436
135, 0.0029099667
135, 0.0026651663
135, 0.0028703457
135, 0.0026650853
135, 0.0028777795
136, 0.0028134573
136, 0.0029366482
136, 0.002828018
136, 0.0029299925
136, 0.00269847
136, 0.002737821
136, 0.0027347743
136, 0.0027529146
137, 0.0030805715
137, 0.0033033767
137, 0.0031678786
137, 0.0034037612
137, 0.002926062
137, 0.0033318189
137, 0.0030602869
137, 0.0034791487
138, 0.0039400896
138, 0.004398337
138, 0.0039911834
138, 0.00436898
138, 0.0040307506
138, 0.004476354
138, 0.0040098918
138, 0.004375032
139, 0.0047478927
139, 0.0043629697
139, 0.004566632
139, 0.0043109707
139, 0.00503855
139, 0.004828497
139, 0.0048619267
139, 0.0047811978
140, 0.0039820173
140, 0.003438083
140, 0.0039009582
140, 0.0034514654
140, 0.0044434415
140, 0.0035157453
140, 0.0043388265
140, 0.0035056625
141, 0.0032665466
141, 0.0036898686
141, 0.0033117644
141, 0.003557219
141, 0.0027285658
141, 0.003141647
141, 0.0028092565
141, 0.0030446597
142, 0.003793633
142, 0.004541124
142, 0.0036381641
142, 0.004218121
142, 0.003589205
142, 0.0043362607
142, 0.003371007
142, 0.003950473
143, 0.0049992795
143, 0.004456081
143, 0.0045445985
143, 0.004249057
143, 0.0046980097
143, 0.004489001
143, 0.00432864
143, 0.00436709
144, 0.0019465175
144, 0.0016090539
144, 0.0017387666
144, 0.0014140384
144, 0.0017601118
144, 0.0016059687
144, 0.0016269501
144, 0.001485494
145, 0.001934585
145, 0.0021675956
145, 0.0016900508
145, 0.0018825205
145, 0.0018828193
145, 0.002022134
145, 0.0015636386
145, 0.0016624678
146, 0.0023794465
146, 0.0027003202
146, 0.0022066075
146, 0.0024691224
146, 0.0023584464
146, 0.0026835545
146, 0.002210591
146, 0.002477348
147, 0.0027374385
147, 0.0027628995
147, 0.002525459
147, 0.0025315683
147, 0.0027794617
147, 0.0030058892
147, 0.0025976193
147, 0.0028046651
148, 0.0025758215
148, 0.002409413
148, 0.002342265
148, 0.0021915752
148, 0.002924911
148, 0.0027158274
148, 0.0027369377
148, 0.0025435837
149, 0.0024501812
149, 0.0025661364
149, 0.0023547583
149, 0.0025373201
149, 0.0025729046
149, 0.0027193218
149, 0.0024778014
149, 0.002690815
150, 0.0027416362
150, 0.0027838186
150, 0.0026851941
150, 0.00276517
150, 0.0030991884
150, 0.0030735498
150, 0.0029347534
150, 0.0029469286
151, 0.0027316045
151, 0.0025951024
151, 0.002758651
151, 0.0026276442
151, 0.003056412
151, 0.0030128069
151, 0.002954109
151, 0.0029160082
152, 0.002547813
152, 0.0025660726
152, 0.0024363198
152, 0.0025089502
152, 0.0027133073
152, 0.0027221353
152, 0.0027680325
152, 0.0028312781
153, 0.0022645614
153, 0.0021747565
153, 0.0022774774
153, 0.0021200252
153, 0.0025158266
153, 0.0023014173
153, 0.0025061425
153, 0.002224084
154, 0.002076631
154, 0.0020511441
154, 0.0019415095
154, 0.001908981
154, 0.002083464
154, 0.0018845048
154, 0.0019409655
154, 0.0017349848
155, 0.0025417462
155, 0.002536107
155, 0.0024627878
155, 0.0024938425
155, 0.0026521164
155, 0.0025849883
155, 0.0025297347
155, 0.002499312
156, 0.0027402956
156, 0.0025393749
156, 0.002734598
156, 0.002570591
156, 0.002569262
156, 0.0025016752
156, 0.0026269867
156, 0.0025962745
157, 0.0022574577
157, 0.0020460319
157, 0.0022676808
157, 0.0019743377
157, 0.002544204
157, 0.0023359158
157, 0.0025665287
157, 0.0022762874
158, 0.0016505898
158, 0.0015377821
158, 0.0015733888
158, 0.0014855711
158, 0.0019017531
158, 0.0016982822
158, 0.0018437264
158, 0.001665257
159, 0.0015612947
159, 0.001748511
159, 0.0014339731
159, 0.0015681802
159, 0.0017463859
159, 0.0019691638
159, 0.0015711661
159, 0.0017409048
160, 0.0021306484
160, 0.0023343582
160, 0.0018296967
160, 0.002055975
160, 0.0021171675
160, 0.0022184527
160, 0.0018540175
160, 0.0019778954
161, 0.0025939585
161, 0.0028940956
161, 0.0024029354
161, 0.0027230966
161, 0.0024929892
161, 0.002795232
161, 0.0022891222
161, 0.0026113817
162, 0.00320444
162, 0.0032748429
162, 0.0030160078
162, 0.0030679442
162, 0.0031736323
162, 0.0034076252
162, 0.0030015951
162, 0.0032171002
163, 0.003166086
163, 0.0031838932
163, 0.0030410967
163, 0.0030189622
163, 0.0034727256
163, 0.0035496012
163, 0.0032859603
163, 0.003322857
164, 0.0030222062
164, 0.0028938856
164, 0.002800636
164, 0.002703088
164, 0.0032987266
164, 0.0031100023
164, 0.0030838784
164, 0.002925939
165, 0.00273854
165, 0.0026183175
165, 0.0025731518
165, 0.0024743713
165, 0.0029139977
165, 0.0027121222
165, 0.002758868
165, 0.0025784434
166, 0.0016501676
166, 0.0018613583
166, 0.0016196714
166, 0.0017899637
166, 0.0019464735
166, 0.0020470675
166, 0.001903312
166, 0.0019630066
167, 0.0019704385
167, 0.001744187
167, 0.0017684252
167, 0.0016626943
167, 0.001991455
167, 0.0016043907
167, 0.0018719144
167, 0.0016053524
168, 0.0015222939
168, 0.0015936204
168, 0.0016734134
168, 0.0017611252
168, 0.0015048768
168, 0.0016174888
168, 0.0016337978
168, 0.0017628015
169, 0.0018109322
169, 0.0019004166
169, 0.0018096617
169, 0.0018736109
169, 0.0018621006
169, 0.0020072057
169, 0.0018079478
169, 0.0019275037
170, 0.0018498694
170, 0.0016284746
170, 0.0018168348
170, 0.0015934593
170, 0.0019552119
170, 0.0017947413
170, 0.0018772545
170, 0.0017148117
171, 0.0015804805
171, 0.0016777499
171, 0.0015376871
171, 0.0016095286
171, 0.0017214399
171, 0.0018706844
171, 0.0017041672
171, 0.0018279838
172, 0.0018002719
172, 0.0019952124
172, 0.0018547524
172, 0.0020135904
172, 0.001990788
172, 0.0022015057
172, 0.0020443513
172, 0.0022189664
173, 0.0020583235
173, 0.0019431349
173, 0.0019377782
173, 0.0018369196
173, 0.0023035447
173, 0.0020950653
173, 0.002236592
173, 0.002042444
174, 0.0018249924
174, 0.0019227879
174, 0.0017266184
174, 0.0018216771
174, 0.0019055627
174, 0.0019492543
174, 0.0018524026
174, 0.0018933708
175, 0.0017695412
175, 0.0016003121
175, 0.001743989
175, 0.0015724788
175, 0.0018075831
175, 0.0017892835
175, 0.0017485461
175, 0.0017279626
176, 0.0014568534
176, 0.0014269018
176, 0.0015248043
176, 0.0014786355
176, 0.0017303076
176, 0.0017426283
176, 0.001758288
176, 0.001754394
177, 0.0025734163
177, 0.002310586
177, 0.0026598126
177, 0.002423309
177, 0.0022263753
177, 0.002081119
177, 0.0023077626
177, 0.0021888355
178, 0.0021999804
178, 0.0023099612
178, 0.0022808218
178, 0.0023625314
178, 0.0020774005
178, 0.0022111745
178, 0.0021278968
178, 0.0022333958
179, 0.0023954473
179, 0.0024481444
179, 0.002373099
179, 0.0024029186
179, 0.0023969791
179, 0.0025668587
179, 0.00241416
179, 0.0025611557
180, 0.0022844211
180, 0.001994601
180, 0.0023582594
180, 0.0020592054
180, 0.002425853
180, 0.0022301925
180, 0.0025266616
180, 0.0023217662
181, 0.0018140135
181, 0.0017687324
181, 0.0019086818
181, 0.0018470639
181, 0.0020062078
181, 0.00187805
181, 0.0020887002
181, 0.0019442025
182, 0.0018046285
182, 0.0018054057
182, 0.0018401488
182, 0.0018376491
182, 0.0018805856
182, 0.001852217
182, 0.001843887
182, 0.0018122417
183, 0.0018001043
183, 0.0017920145
183, 0.0017577804
183, 0.0017791021
183, 0.0018046806
183, 0.001773921
183, 0.0017996519
183, 0.001798303
184, 0.001556319
184, 0.0014017834
184, 0.0016544609
184, 0.0015199662
184, 0.0016450045
184, 0.0014940313
184, 0.0017042642
184, 0.0015733383
185, 0.0014087457
185, 0.0016050788
185, 0.0014187967
185, 0.0015756557
185, 0.0014884496
185, 0.0016925273
185, 0.0014928782
185, 0.0016574734
186, 0.0018837121
186, 0.0020997166
186, 0.0017416807
186, 0.0020057799
186, 0.0018088438
186, 0.0018632276
186, 0.0017306199
186, 0.0018331159
187, 0.0023651535
187, 0.0025500415
187, 0.0023819776
187, 0.0025623557
187, 0.0020250864
187, 0.0021422885
187, 0.002038427
187, 0.0021511205
188, 0.0013833432
188, 0.0013629808
188, 0.0013093079
188, 0.001298938
188, 0.0013748272
188, 0.001379517
188, 0.001288591
188, 0.0013032712
189, 0.0015409633
189, 0.0018272512
189, 0.0015553493
189, 0.001845041
189, 0.0016424339
189, 0.0020759325
189, 0.0016483446
189, 0.0020852457
190, 0.0023141208
190, 0.0026097796
190, 0.0021616872
190, 0.0024545558
190, 0.0027002995
190, 0.0028388973
190, 0.0025305806
190, 0.0026664045
191, 0.0029040969
191, 0.0031281933
191, 0.0029435884
191, 0.0032764354
191, 0.0029604938
191, 0.003096011
191, 0.0029525436
191, 0.0031967915
192, 0.0031279218
192, 0.0029030372
192, 0.0032702887
192, 0.00308638
192, 0.0030059402
192, 0.0028128284
192, 0.0031887495
192, 0.003036605
193, 0.0026904522
193, 0.0025157449
193, 0.002866156
193, 0.0026470202
193, 0.002512299
193, 0.0022348454
193, 0.002762427
193, 0.0024405224
194, 0.0021327306
194, 0.0018047192
194, 0.0022160418
194, 0.0018290904
194, 0.001943933
194, 0.0017065441
194, 0.0020202901
194, 0.0017239726
195, 0.0016879636
195, 0.0018370287
195, 0.001641661
195, 0.0017610686
195, 0.0016070215
195, 0.0017027892
195, 0.0015369236
195, 0.0016030374
196, 0.0019116083
196, 0.001970239
196, 0.0018992034
196, 0.0019449154
196, 0.0017803217
196, 0.0018103088
196, 0.0017555836
196, 0.0017726525
197, 0.0018026232
197, 0.0017051405
197, 0.0019090403
197, 0.0017859659
197, 0.0016485616
197, 0.0016391544
197, 0.0017296722
197, 0.001694678
198, 0.0015865572
198, 0.0014182121
198, 0.0015297695
198, 0.0013725744
198, 0.0014821148
198, 0.0013613955
198, 0.0014643051
198, 0.0013547254
199, 0.0017977961
199, 0.0019476028
199, 0.0019544826
199, 0.0021827307
199, 0.0012985781
199, 0.0014203781
199, 0.001476584
199, 0.0016767905
200, 0.0019562584
200, 0.0019310059
200, 0.0022057577
200, 0.0022051414
200, 0.001460105
200, 0.0015413086
200, 0.0016634879
200, 0.0017693259
201, 0.0016112459
201, 0.0013919965
201, 0.0019481778
201, 0.0018155044
201, 0.0013916523
201, 0.0012118102
201, 0.0016486589
201, 0.0015553964
202, 0.0015512004
202, 0.0020267374
202, 0.0018286479
202, 0.0021672712
202, 0.0013282377
202, 0.0018565756
202, 0.0016554497
202, 0.002046919
203, 0.0022902386
203, 0.0022131703
203, 0.002434628
203, 0.00229072
203, 0.00222178
203, 0.0022707295
203, 0.0023755506
203, 0.0023576645
204, 0.0021241808
204, 0.00176068
204, 0.0020842995
204, 0.0017133423
204, 0.0022281574
204, 0.0019153799
204, 0.0021900663
204, 0.0018698294
205, 0.001551338
205, 0.0015763668
205, 0.0017211995
205, 0.0017758736
205, 0.0016285173
205, 0.0014810036
205, 0.0017502612
205, 0.0016323745
206, 0.0016229859
206, 0.0016825009
206, 0.0019029471
206, 0.0019844673
206, 0.0014981952
206, 0.0016067923
206, 0.0018261757
206, 0.0019567925
207, 0.0017798044
207, 0.0017148027
207, 0.0019751152
207, 0.0018842288
207, 0.0017508533
207, 0.0016750889
207, 0.0019508776
207, 0.0018492251
208, 0.0019480062
208, 0.002257514
208, 0.0019497727
208, 0.0022530605
208, 0.0018279388
208, 0.0019859169
208, 0.0018689282
208, 0.0020206945
209, 0.002179979
209, 0.001910553
209, 0.0023222382
209, 0.0020547768
209, 0.0018156512
209, 0.0014845214
209, 0.0019577856
209, 0.0016286134
210, 0.0032518946
210, 0.0029960761
210, 0.0035452081
210, 0.0031168575
210, 0.0034908704
210, 0.0033760828
210, 0.0037447645
210, 0.0034574585
211, 0.0029230318
211, 0.003179006
211, 0.0028839686
211, 0.0031132782
211, 0.0031358064
211, 0.0030033984
211, 0.0030929404
211, 0.0029338892
212, 0.0034698816
212, 0.0040987795
212, 0.0033030405
212, 0.004054109
212, 0.003290489
212, 0.0039905417
212, 0.003234064
212, 0.004056404
213, 0.004277138
213, 0.0040465803
213, 0.004300504
213, 0.0040595536
213, 0.004210818
213, 0.0039461716
213, 0.004147195
213, 0.0038721866
214, 0.0035179483
214, 0.0029753558
214, 0.003639707
214, 0.0031934476
214, 0.0033956463
214, 0.0028328362
214, 0.003477062
214, 0.0030105917
215, 0.0025385304
215, 0.0023130197
215, 0.0028893354
215, 0.002627697
215, 0.00245497
215, 0.0024154664
215, 0.0028382884
215, 0.0027626895
216, 0.0026797545
216, 0.0029611893
216, 0.002815536
216, 0.0031409839
216, 0.002752718
216, 0.0030631784
216, 0.00290168
216, 0.0032561566
217, 0.0032995283
217, 0.0034957658
217, 0.003499366
217, 0.003645513
217, 0.0035960856
217, 0.0039061673
217, 0.0037960978
217, 0.0040560835
218, 0.0034973512
218, 0.003178074
218, 0.003897352
218, 0.0035230522
218, 0.003982102
218, 0.0038619938
218, 0.0043445597
218, 0.004169473
219, 0.0030817008
219, 0.0030710425
219, 0.0034994262
219, 0.0033761472
219, 0.0038515094
219, 0.0038419205
219, 0.0041943286
219, 0.004072075
220, 0.0032013191
220, 0.003423104
220, 0.003218422
220, 0.0036410785
220, 0.0038685862
220, 0.0037915811
220, 0.004011942
220, 0.0041359584
221, 0.004079648
221, 0.004301167
221, 0.004284308
221, 0.0046561346
221, 0.0042405045
221, 0.0042322143
221, 0.0044608414
221, 0.0046027903
222, 0.0046226676
222, 0.0048186476
222, 0.005221067
222, 0.005319922
222, 0.0044693826
222, 0.004729643
222, 0.0050955764
222, 0.005258769
223, 0.0046635815
223, 0.004688549
223, 0.0049899947
223, 0.004857591
223, 0.00483818
223, 0.0047736415
223, 0.0052044573
223, 0.0049824594
224, 0.004565598
224, 0.004485114
224, 0.004642291
224, 0.004587397
224, 0.004367822
224, 0.004270582
224, 0.00447784
224, 0.004406175
225, 0.004526875
225, 0.004527375
225, 0.0045109056
225, 0.004450494
225, 0.0043585165
225, 0.0043752776
225, 0.0043336316
225, 0.0042894934
226, 0.0045408825
226, 0.004555672
226, 0.0046340493
226, 0.0047439663
226, 0.0044754404
226, 0.0044955392
226, 0.0045080683
226, 0.0046232985
227, 0.004672354
227, 0.004541535
227, 0.0049095475
227, 0.0045930343
227, 0.00459414
227, 0.0046478747
227, 0.004899768
227, 0.0047678063
228, 0.004659563
228, 0.0047954298
228, 0.004714759
228, 0.004928271
228, 0.004889476
228, 0.0049726595
228, 0.0048783957
228, 0.0050392253
229, 0.0054803095
229, 0.006081389
229, 0.005704554
229, 0.006416366
229, 0.0055682
229, 0.0061400537
229, 0.0058142925
229, 0.006496884
230, 0.0059859315
230, 0.0050306446
230, 0.0062422534
230, 0.005472115
230, 0.006020047
230, 0.0050128167
230, 0.00641819
230, 0.005596028
231, 0.004066283
231, 0.00403826
231, 0.004496298
231, 0.004324825
231, 0.004252522
231, 0.0044244113
231, 0.004469983
231, 0.00449834
232, 0.0052781235
232, 0.005478299
232, 0.0052169766
232, 0.0054138466
232, 0.005110088
232, 0.005318659
232, 0.005056457
232, 0.0052617257
233, 0.005678044
233, 0.0057014516
233, 0.005446074
233, 0.0056014596
233, 0.005541441
233, 0.0055670785
233, 0.005388334
233, 0.005545942
234, 0.0053283186
234, 0.004990162
234, 0.0053345594
234, 0.005023646
234, 0.0054258374
234, 0.0051025013
234, 0.0053374777
234, 0.0050414023
235, 0.004792225
235, 0.0047916383
235, 0.0048565646
235, 0.004829199
235, 0.004704681
235, 0.004763085
235, 0.004744705
235, 0.004776338
236, 0.0050285403
236, 0.00528874
236, 0.0051730666
236, 0.005483292
236, 0.0049644876
236, 0.005092176
236, 0.0050917673
236, 0.0052694515
237, 0.005426425
237, 0.0051674037
237, 0.0054343105
237, 0.005081343
237, 0.0051892763
237, 0.0049123913
237, 0.005197356
237, 0.00482655
238, 0.005053134
238, 0.0046188864
238, 0.004799651
238, 0.004302309
238, 0.0047940486
238, 0.004158163
238, 0.004507199
238, 0.003808316
239, 0.0046230317
239, 0.0047937375
239, 0.004413685
239, 0.004606323
239, 0.0041670543
239, 0.004633997
239, 0.004139566
239, 0.004628497
240, 0.0047852844
240, 0.0046276376
240, 0.004513162
240, 0.0043549067
240, 0.0047005997
240, 0.0044568162
240, 0.0044387067
240, 0.0041943304
241, 0.004373772
241, 0.0046703476
241, 0.004034469
241, 0.0044998555
241, 0.004330401
241, 0.004730586
241, 0.0038708572
241, 0.0044397293
242, 0.0047833277
242, 0.005021755
242, 0.004959968
242, 0.0049861814
242, 0.004578965
242, 0.004771572
242, 0.0047670472
242, 0.004747543
243, 0.005446466
243, 0.0056547946
243, 0.00545356
243, 0.0054185363
243, 0.0052549397
243, 0.005277355
243, 0.005302669
243, 0.0050818287
244, 0.00559992
244, 0.0050705597
244, 0.0054765465
244, 0.0051306407
244, 0.005028284
244, 0.0042975834
244, 0.0048240167
244, 0.00427662
245, 0.004435182
245, 0.0045043617
245, 0.004475246
245, 0.0044248938
245, 0.003894673
245, 0.0039543784
245, 0.003930763
245, 0.0038709505
246, 0.0043924516
246, 0.0041464837
246, 0.004230162
246, 0.003938557
246, 0.0039075953
246, 0.003753099
246, 0.003736883
246, 0.0035367373
247, 0.004094048
247, 0.004162097
247, 0.0038034362
247, 0.004051484
247, 0.003592939
247, 0.003513048
247, 0.0033821517
247, 0.0034822735
248, 0.004116951
248, 0.0038508505
248, 0.0041210735
248, 0.0038833634
248, 0.0034880077
248, 0.0034981938
248, 0.0034649242
248, 0.0035035005
249, 0.0038218705
249, 0.0036322514
249, 0.004039133
249, 0.003782991
249, 0.0036287925
249, 0.0036946943
249, 0.0038483564
249, 0.0038477709
250, 0.0037568696
250, 0.0036230416
250, 0.0036613932
250, 0.003588952
250, 0.003720484
250, 0.0035286634
250, 0.0035531602
250, 0.003422697
251, 0.0032813372
251, 0.0028962193
251, 0.0029971346
251, 0.0025716375
251, 0.0033844202
251, 0.0032248863
251, 0.0031350576
251, 0.002935078
252, 0.0028630383
252, 0.0035536808
252, 0.0029010975
252, 0.0035030094
252, 0.003330632
252, 0.0037271224
252, 0.0032916695
252, 0.0035993634
253, 0.004176465
253, 0.0048900414
253, 0.0040649106
253, 0.0049295416
253, 0.0040297885
253, 0.0047912947
253, 0.0040299296
253, 0.004942641
254, 0.0051044975
254, 0.0041748956
254, 0.004740723
254, 0.0039830413
254, 0.0053483965
254, 0.004530715
254, 0.004980541
254, 0.0043347706
255, 0.0038455576
255, 0.003747686
255, 0.0036651876
255, 0.0033515221
255, 0.004164181
255, 0.0042530997
255, 0.0041763266
255, 0.004049394
256, 0.0033691106
256, 0.003233006
256, 0.0030471087
256, 0.0029849045
256, 0.004174876
256, 0.0038042634
256, 0.0037799191
256, 0.0034833176
257, 0.0028402796
257, 0.0026442027
257, 0.0027275016
257, 0.0027056886
257, 0.0032782254
257, 0.0028600201
257, 0.0031060178
257, 0.002862167
258, 0.0025780709
258, 0.0032085176
258, 0.0028065974
258, 0.0033581627
258, 0.0026959428
258, 0.0031873437
258, 0.002867326
258, 0.0032797595
259, 0.0039010502
259, 0.004253279
259, 0.0038739333
259, 0.0042871744
259, 0.0036468385
259, 0.0039283996
259, 0.003608415
259, 0.0039509735
260, 0.0047275512
260, 0.0046148575
260, 0.004736619
260, 0.0046395888
260, 0.0043925415
260, 0.004275849
260, 0.0044230795
260, 0.0043220376
261, 0.0043003466
261, 0.0035566662
261, 0.0041917027
261, 0.0033967968
261, 0.0038137264
261, 0.0033351947
261, 0.0038065354
261, 0.0032767602
262, 0.0028458028
262, 0.002834958
262, 0.0027769958
262, 0.0027949095
262, 0.002921626
262, 0.0028075322
262, 0.002834686
262, 0.00274936
263, 0.0033524472
263, 0.0037898521
263, 0.003277394
263, 0.0037043695
263, 0.0033177915
263, 0.0038377426
263, 0.0031949359
263, 0.0037044398
264, 0.0043163705
264, 0.0051230914
264, 0.0042075957
264, 0.0048452946
264, 0.0044703977
264, 0.0054044663
264, 0.004317747
264, 0.0050826743
265, 0.0019000876
265, 0.0018554733
265, 0.0018221476
265, 0.0019147685
265, 0.0020519209
265, 0.0022609076
265, 0.0020046039
265, 0.0023508396
266, 0.002232776
266, 0.002317811
266, 0.0021459777
266, 0.0023425235
266, 0.0028466554
266, 0.0028971522
266, 0.0028071098
266, 0.0029691856
267, 0.0024804457
267, 0.0025596337
267, 0.0027754416
267, 0.0027213614
267, 0.0029347136
267, 0.0028455413
267, 0.0032599575
267, 0.003037435
268, 0.0027753469
268, 0.003200539
268, 0.0029002225
268, 0.0032442042
268, 0.0030428993
268, 0.0034797774
268, 0.0031624823
268, 0.0035181234
269, 0.003139469
269, 0.0029668203
269, 0.0031453327
269, 0.0029062764
269, 0.0034554608
269, 0.003280363
269, 0.003444821
269, 0.0032032907
270, 0.0029652435
270, 0.003186307
270, 0.0028729117
270, 0.0030858226
270, 0.0031097431
270, 0.00322317
270, 0.002904769
270, 0.003010037
271, 0.0033689344
271, 0.0032327522
271, 0.0031128295
271, 0.0030873546
271, 0.003457328
271, 0.003342834
271, 0.0031459988
271, 0.0031422286
272, 0.0032368905
272, 0.0032148676
272, 0.0031459848
272, 0.003110517
272, 0.0032055697
272, 0.0030913744
272, 0.0031094784
272, 0.0029818485
273, 0.0028994242
273, 0.0028057203
273, 0.0030705447
273, 0.0030278754
273, 0.0028433437
273, 0.0027564955
273, 0.0030748118
273, 0.003039001
274, 0.0026932133
274, 0.002412398
274, 0.0027658816
274, 0.0025439486
274, 0.0026575043
274, 0.002534832
274, 0.002772669
274, 0.0027088898
275, 0.0020612404
275, 0.0020009782
275, 0.0020996502
275, 0.001872517
275, 0.002237967
275, 0.0021308665
275, 0.0022604167
275, 0.0019864368
276, 0.002394711
276, 0.0023519336
276, 0.0024076735
276, 0.0022217324
276, 0.0020673585
276, 0.0020051913
276, 0.0020728651
276, 0.0018675844
277, 0.0024354958
277, 0.0025810762
277, 0.0023478381
277, 0.002441278
277, 0.0021877908
277, 0.0023244675
277, 0.0019791133
277, 0.0020636602
278, 0.002831619
278, 0.002523474
278, 0.0026306761
278, 0.0023056476
278, 0.0026997512
278, 0.0028378705
278, 0.0024839763
278, 0.0026051458
279, 0.0024371173
279, 0.002369757
279, 0.0022958776
279, 0.0023110406
279, 0.0030448255
279, 0.0032832762
279, 0.0029634247
279, 0.003284471
280, 0.0024182927
280, 0.0025735816
280, 0.0022303762
280, 0.0024178028
280, 0.0033946058
280, 0.0034064853
280, 0.0032265536
280, 0.0032706172
281, 0.002597106
281, 0.0025247233
281, 0.0024805933
281, 0.0023953835
281, 0.0030179126
281, 0.002606403
281, 0.0029883015
281, 0.0025639692
282, 0.0024215712
282, 0.0027007025
282, 0.002308482
282, 0.002661503
282, 0.0024823523
282, 0.00262635
282, 0.0024325233
282, 0.0026504416
283, 0.0031498487
283, 0.0034955554
283, 0.003136983
283, 0.0035097133
283, 0.002986037
283, 0.0034403612
283, 0.0029476157
283, 0.0034289442
284, 0.0037207124
284, 0.0037494379
284, 0.003710811
284, 0.0037122974
284, 0.0039047436
284, 0.004020386
284, 0.0038131655
284, 0.0039015517
285, 0.0034858568
285, 0.0032864364
285, 0.003496387
285, 0.0032874
285, 0.0036701246
285, 0.0032850874
285, 0.0036556495
285, 0.0032610495
286, 0.0028088775
286, 0.0025446555
286, 0.0028602683
286, 0.002642256
286, 0.0026567467
286, 0.0022764534
286, 0.0027539912
286, 0.0024198818
287, 0.0024825141
287, 0.0023820484
287, 0.0024277042
287, 0.0023957859
287, 0.0027212892
287, 0.0025963553
287, 0.0026481072
287, 0.0025917299
288, 0.0023711175
288, 0.0019869246
288, 0.002393259
288, 0.0019301006
288, 0.002661482
288, 0.0025198103
288, 0.00278042
288, 0.002559708
289, 0.0020235952
289, 0.0020431664
289, 0.001995441
289, 0.0022177468
289, 0.0026978827
289, 0.002715023
289, 0.002612705
289, 0.002832663
290, 0.0020885633
290, 0.002268833
290, 0.00210855
290, 0.0021868334
290, 0.0028022411
290, 0.0027280357
290, 0.0028085252
290, 0.0026322636
291, 0.0021788587
291, 0.0021116126
291, 0.0020421844
291, 0.0019241411
291, 0.0024806845
291, 0.0024146982
291, 0.0022934114
291, 0.0021766156
292, 0.0022438564
292, 0.0024507213
292, 0.0021662002
292, 0.0023788153
292, 0.002518843
292, 0.0029649327
292, 0.0024664896
292, 0.0029183268
293, 0.0026547818
293, 0.0029240714
293, 0.002645255
293, 0.002867536
293, 0.0033028068
293, 0.0034563926
293, 0.0032323156
293, 0.0033388538
294, 0.0027667792
294, 0.0025838274
294, 0.0027059903
294, 0.002529381
294, 0.0031109299
294, 0.0028962854
294, 0.003172409
294, 0.0029641045
295, 0.0022272842
295, 0.0020904865
295, 0.0021298497
295, 0.0020044683
295, 0.0024957773
295, 0.0021356503
295, 0.0024068211
295, 0.0020581242
296, 0.0020041184
296, 0.0021030789
296, 0.0018874144
296, 0.0019706963
296, 0.0020381243
296, 0.002253737
296, 0.0019326399
296, 0.0021325646
297, 0.0022071367
297, 0.0023038283
297, 0.0021351199
297, 0.0022314372
297, 0.002448739
297, 0.0025980342
297, 0.0023129282
297, 0.0024618355
298, 0.0020854485
298, 0.0020204699
298, 0.0019747799
298, 0.0019245388
298, 0.0018735589
298, 0.0019277635
298, 0.001737208
298, 0.0018061383
299, 0.0020706574
299, 0.001923849
299, 0.0019486148
299, 0.0019344301
299, 0.0021119772
299, 0.0018318584
299, 0.0019250582
299, 0.0017775957
300, 0.002087154
300, 0.0024622306
300, 0.0022000207
300, 0.0025713823
300, 0.0018137079
300, 0.002211081
300, 0.0019048664
300, 0.0022985144
301, 0.002455225
301, 0.0023818638
301, 0.0026533352
301, 0.002538455
301, 0.0024953787
301, 0.002684308
301, 0.0026497103
301, 0.0027971396
302, 0.0023684232
302, 0.0022305863
302, 0.002529023
302, 0.0023764882
302, 0.0027067708
302, 0.002613306
302, 0.0029290165
302, 0.0028208406
303, 0.0021831424
303, 0.002072611
303, 0.002181784
303, 0.0020531653
303, 0.0024925147
303, 0.002218935
303, 0.002504853
303, 0.0022131805
304, 0.0019424928
304, 0.001974893
304, 0.0019642666
304, 0.0019472995
304, 0.0020203348
304, 0.0021075052
304, 0.002056971
304, 0.002094774
305, 0.0017988521
305, 0.0016780248
305, 0.0017142608
305, 0.0015674602
305, 0.0020346509
305, 0.001873599
305, 0.0019149233
305, 0.0017278964
306, 0.0016728218
306, 0.0018382396
306, 0.0015198643
306, 0.0016904657
306, 0.0017702288
306, 0.0019405757
306, 0.0016389966
306, 0.0018145308
307, 0.001833523
307, 0.001767746
307, 0.0016790958
307, 0.0016154533
307, 0.0019356895
307, 0.0017464614
307, 0.001834679
307, 0.0016475928
308, 0.0018088057
308, 0.001956123
308, 0.0016495283
308, 0.0017954127
308, 0.0016412329
308, 0.0017406286
308, 0.0015077578
308, 0.0016057305
309, 0.0015338811
309, 0.0015467275
309, 0.0014410673
309, 0.0014693761
309, 0.0014702277
309, 0.0015354232
309, 0.0014049412
309, 0.0014855918
310, 0.0018712981
310, 0.0023688744
310, 0.0018974702
310, 0.0024536683
310, 0.001973311
310, 0.0025002724
310, 0.0020208857
310, 0.0026064855
311, 0.0027891654
311, 0.0030213788
311, 0.0027324513
311, 0.0029604505
311, 0.0028419748
311, 0.002995667
311, 0.00286434
311, 0.0030138553
312, 0.0030470914
312, 0.0030566016
312, 0.0030428781
312, 0.0030586692
312, 0.003086924
312, 0.003085955
312, 0.0030014631
312, 0.003006784
313, 0.002967763
313, 0.0028143986
313, 0.0030722888
313, 0.0029592684
313, 0.0031084367
313, 0.0030143713
313, 0.0032024914
313, 0.0031487914
314, 0.0025547422
314, 0.0022110848
314, 0.0027490219
314, 0.002393657
314, 0.002671409
314, 0.0023044255
314, 0.0028522848
314, 0.0024735949
315, 0.0019404285
315, 0.0017108435
315, 0.001990946
315, 0.0017097706
315, 0.0020385631
315, 0.0018858855
315, 0.0021095385
315, 0.0019052599
316, 0.0016296259
316, 0.0016822853
316, 0.00155937
316, 0.0016239302
316, 0.0018494996
316, 0.0018488731
316, 0.0018177188
316, 0.0018290009
317, 0.0016677291
317, 0.0016956084
317, 0.001687276
317, 0.0016937972
317, 0.001787604
317, 0.0017983823
317, 0.0018090057
317, 0.0017984236
318, 0.0015956521
318, 0.0015319068
318, 0.001680399
318, 0.0015826784
318, 0.0017524943
318, 0.0016754542
318, 0.0017809258
318, 0.00166991
319, 0.0015039236
319, 0.0014615378
319, 0.0015048541
319, 0.0014527093
319, 0.0015239154
319, 0.0014595388
319, 0.0014977367
319, 0.0014236027
320, 0.0011411662
320, 0.0012613132
320, 0.0013234476
320, 0.001563239
320, 0.001326689
320, 0.0014638333
320, 0.0015635864
320, 0.0018204096
321, 0.0014974611
321, 0.001703101
321, 0.0016596402
321, 0.0017562902
321, 0.0018125605
321, 0.0021806997
321, 0.0019524011
321, 0.0022115286
322, 0.0015925257
322, 0.0014420323
322, 0.0015507585
322, 0.0012900846
322, 0.0020660535
322, 0.0016669551
322, 0.0020273423
322, 0.0015180454
323, 0.001360515
323, 0.0016990806
323, 0.0013012908
323, 0.0017218314
323, 0.0013674556
323, 0.0015431923
323, 0.0014577304
323, 0.0017154828
324, 0.0021241223
324, 0.0022564726
324, 0.0020824575
324, 0.0022078014
324, 0.0019937
324, 0.0021531882
324, 0.0017874339
324, 0.0019398996
325, 0.002378735
325, 0.0022071064
325, 0.0022783685
325, 0.0020882308
325, 0.0023450463
325, 0.002452058
325, 0.0022391367
325, 0.002327616
326, 0.001938428
326, 0.0016784029
326, 0.0019963193
326, 0.0018414812
326, 0.0022873525
326, 0.0019359654
326, 0.0023507634
326, 0.0021045855
327, 0.0014841079
327, 0.0016122096
327, 0.0018434761
327, 0.0019390893
327, 0.0017147263
327, 0.0017577197
327, 0.0020162994
327, 0.0020267742
328, 0.0017301736
328, 0.0017242777
328, 0.0019331495
328, 0.0019796637
328, 0.0018487095
328, 0.0019576615
328, 0.0020845083
328, 0.0022459084
329, 0.0018190783
329, 0.001783277
329, 0.0019601875
329, 0.001934046
329, 0.002001103
329, 0.0018260462
329, 0.0020980746
329, 0.0019326727
330, 0.00157477
330, 0.0012737028
330, 0.0018242128
330, 0.0014314582
330, 0.0015765216
330, 0.0014025767
330, 0.0018753173
330, 0.0016096878
331, 0.00393901
331, 0.00393628
331, 0.0042955326
331, 0.004328144
331, 0.0044444446
331, 0.004238934
331, 0.0047817314
331, 0.0046115103
332, 0.0032645487
332, 0.0026990385
332, 0.0036239428
332, 0.0030014096
332, 0.0033253958
332, 0.0024237202
332, 0.0037029672
332, 0.0027441732
333, 0.0028758803
333, 0.0033948694
333, 0.0031269302
333, 0.0036065164
333, 0.0025185607
333, 0.0030779643
333, 0.0026895686
333, 0.0032095755
334, 0.0037837294
334, 0.00374448
334, 0.0037847173
334, 0.0037759908
334, 0.0037227678
334, 0.0038841257
334, 0.0037394373
334, 0.00393134
335, 0.0033428636
335, 0.002805475
335, 0.0035202345
335, 0.002866788
335, 0.003239637
335, 0.0027062122
335, 0.0035317
335, 0.0028821672
336, 0.0024746384
336, 0.0025851731
336, 0.002707023
336, 0.0029247182
336, 0.00253977
336, 0.0027162402
336, 0.002788733
336, 0.0030723887
337, 0.0029023313
337, 0.0032126124
337, 0.0030627162
337, 0.0033649204
337, 0.00302176
337, 0.003115799
337, 0.003178938
337, 0.003264874
338, 0.003615023
338, 0.003906188
338, 0.003762678
338, 0.0040314994
338, 0.0033631644
338, 0.0035750668
338, 0.0035128808
338, 0.0037024373
339, 0.004125121
339, 0.0041808914
339, 0.0044048973
339, 0.0042984737
339, 0.0038391342
339, 0.0039043145
339, 0.0040792855
339, 0.003982302
340, 0.00427317
340, 0.0043123886
340, 0.0044613266
340, 0.0046391548
340, 0.0038710807
340, 0.0039708735
340, 0.0040097325
340, 0.004248053
341, 0.0042744777
341, 0.0040931413
341, 0.004667606
341, 0.004579671
341, 0.004239219
341, 0.0045115678
341, 0.004656155
341, 0.005022075
342, 0.004193355
342, 0.004349447
342, 0.0039698877
342, 0.0039183083
342, 0.0036377753
342, 0.0036864062
342, 0.003334254
342, 0.0031753648
343, 0.004549877
343, 0.004755705
343, 0.0043167965
343, 0.0045886766
343, 0.0039350283
343, 0.004336339
343, 0.003647178
343, 0.004114475
344, 0.004835546
344, 0.004431332
344, 0.004737248
344, 0.004491837
344, 0.0044519757
344, 0.0041042822
344, 0.0044398867
344, 0.0042509325
345, 0.0039946497
345, 0.0040945834
345, 0.0039987126
345, 0.004111025
345, 0.0039087343
345, 0.003975292
345, 0.0038186484
345, 0.0038975468
346, 0.0041237855
346, 0.0040770443
346, 0.0041301595
346, 0.0042820866
346, 0.0039799525
346, 0.0041909018
346, 0.0040990245
346, 0.0045087296
347, 0.004228223
347, 0.0042519136
347, 0.0044704108
347, 0.0042531183
347, 0.004277892
347, 0.0039488496
347, 0.0045389356
347, 0.003968874
348, 0.004279835
348, 0.004438841
348, 0.0044003017
348, 0.0045217527
348, 0.003813742
348, 0.003936446
348, 0.003852501
348, 0.0039376556
349, 0.00460354
349, 0.00467869
349, 0.004609434
349, 0.004755491
349, 0.0041071526
349, 0.0042028045
349, 0.0041720527
349, 0.0043386
350, 0.005348377
350, 0.0058003296
350, 0.0055563166
350, 0.0060188794
350, 0.00482661
350, 0.005208273
350, 0.0049798745
350, 0.00537214
351, 0.0059026806
351, 0.0053989943
351, 0.006143462
351, 0.005600798
351, 0.0054113097
351, 0.005551047
351, 0.005749635
351, 0.005850556
352, 0.004799925
352, 0.0045828996
352, 0.00444061
352, 0.004231287
352, 0.0051573827
352, 0.004366618
352, 0.004788487
352, 0.0040055816
353, 0.004532176
353, 0.004551022
353, 0.0048968275
353, 0.0049467147
353, 0.0038007966
353, 0.0038078215
353, 0.004166942
353, 0.0042049782
354, 0.0048239836
354, 0.004823293
354, 0.0050872397
354, 0.005047411
354, 0.004076913
354, 0.003974085
354, 0.0043081054
354, 0.004166166
355, 0.0046085273
355, 0.0044465517
355, 0.004657274
355, 0.0044868966
355, 0.0039532525
355, 0.0039669164
355, 0.004053801
355, 0.0040590866
356, 0.004078622
356, 0.0042536166
356, 0.0042100055
356, 0.0042672125
356, 0.003591085
356, 0.0035772126
356, 0.0038034322
356, 0.0036717916
357, 0.0043252236
357, 0.0045485795
357, 0.00429842
357, 0.0044045574
357, 0.003707304
357, 0.003969773
357, 0.0035910974
357, 0.003736347
358, 0.0047402894
358, 0.0042746267
358, 0.0044821203
358, 0.004124523
358, 0.0041264705
358, 0.0038584415
358, 0.003877036
358, 0.0037170094
359, 0.0041583516
359, 0.0037782008
359, 0.0038992187
359, 0.003473855
359, 0.0037496083
359, 0.003559156
359, 0.00356387
359, 0.0033281601
360, 0.003796294
360, 0.004362946
360, 0.0038064532
360, 0.004341255
360, 0.0037939297
360, 0.0044063996
360, 0.0036764492
360, 0.004257006
361, 0.0046978113
361, 0.0042234636
361, 0.004429712
361, 0.004047302
361, 0.0046217856
361, 0.004113256
361, 0.0043877196
361, 0.003971095
362, 0.0040145977
362, 0.004255399
362, 0.0035840105
362, 0.0038129014
362, 0.0039000479
362, 0.0038326436
362, 0.0035650684
362, 0.0034858745
363, 0.0040906803
363, 0.0043489113
363, 0.0041680075
363, 0.004567059
363, 0.003517758
363, 0.0037733081
363, 0.0034985067
363, 0.0038947433
364, 0.0044079176
364, 0.0044805454
364, 0.0047373655
364, 0.004910661
364, 0.0041206568
364, 0.0040174746
364, 0.004414847
364, 0.0044122874
365, 0.0041190647
365, 0.0031974376
365, 0.004532304
365, 0.003557251
365, 0.0036016512
365, 0.0028821104
365, 0.003969265
365, 0.0031964153
366, 0.003043688
366, 0.0027186065
366, 0.0034381323
366, 0.0030311157
366, 0.0025120918
366, 0.0021295089
366, 0.0029223047
366, 0.002457816
367, 0.0027792742
367, 0.0028116975
367, 0.0030115922
367, 0.0030069402
367, 0.0022503803
367, 0.002348452
367, 0.0024763367
367, 0.0025373641
368, 0.0026931867
368, 0.0025375162
368, 0.0028388824
368, 0.002641856
368, 0.0024164512
368, 0.0023327006
368, 0.0025294304
368, 0.0024043443
369, 0.0026771016
369, 0.003148542
369, 0.002689089
369, 0.0031466256
369, 0.0022986168
369, 0.0027539656
369, 0.0023740854
369, 0.002815594
370, 0.0032012512
370, 0.003780571
370, 0.003382571
370, 0.0039778547
370, 0.0029340682
370, 0.003587033
370, 0.0030248591
370, 0.003693688
371, 0.003928981
371, 0.0034607558
371, 0.0038143888
371, 0.0033386718
371, 0.0038293742
371, 0.0033758127
371, 0.0037090967
371, 0.0032480473
372, 0.0033660752
372, 0.0032818923
372, 0.0031875777
372, 0.0031250878
372, 0.0031885726
372, 0.0030406115
372, 0.003142379
372, 0.0030161003
373, 0.0031971862
373, 0.0033380513
373, 0.0033295404
373, 0.0036138892
373, 0.0028735735
373, 0.0029103756
373, 0.0030602366
373, 0.0032404617
374, 0.0034670306
374, 0.0041253543
374, 0.0039142338
374, 0.0045259325
374, 0.0033307453
374, 0.003978478
374, 0.0037281502
374, 0.0043291925
375, 0.0051651155
375, 0.004999346
375, 0.004913714
375, 0.004634759
375, 0.0050397366
375, 0.005045351
375, 0.0047995206
375, 0.0046918797
376, 0.00458122
376, 0.0044699362
376, 0.0046529574
376, 0.0049652606
376, 0.0046516806
376, 0.0045740227
376, 0.004809305
376, 0.005155422
377, 0.004508869
377, 0.003653819
377, 0.0048727468
377, 0.0039903317
377, 0.0043459907
377, 0.0033470301
377, 0.0046837614
377, 0.0036574558
378, 0.003133291
378, 0.0026776325
378, 0.00348285
378, 0.0028823123
378, 0.002833359
378, 0.0024311794
378, 0.0031926413
378, 0.0026456467
379, 0.0024624995
379, 0.002513963
379, 0.0027243067
379, 0.0028266413
379, 0.0022065118
379, 0.0020229032
379, 0.0023601756
379, 0.0022273907
380, 0.0027130104
380, 0.003259397
380, 0.0030085908
380, 0.0035358057
380, 0.002163223
380, 0.0027414605
380, 0.0025648077
380, 0.0031239826
381, 0.0035865263
381, 0.003937265
381, 0.003756741
381, 0.003926648
381, 0.0029865121
381, 0.0034337149
381, 0.0031947796
381, 0.0034613064
382, 0.0037542232
382, 0.0031153366
382, 0.003664617
382, 0.003078997
382, 0.0035011321
382, 0.0030234063
382, 0.0033907501
382, 0.002966291
383, 0.0028267673
383, 0.0028126887
383, 0.0027591356
383, 0.0028220455
383, 0.0029114205
383, 0.002948803
383, 0.00278201
383, 0.0028963815
384, 0.0031779995
384, 0.003914353
384, 0.0031476952
384, 0.0038608748
384, 0.0032122813
384, 0.0039038102
384, 0.003182781
384, 0.0038511383
385, 0.004505201
385, 0.0050610057
385, 0.004442499
385, 0.0049017463
385, 0.0045919293
385, 0.0049721748
385, 0.0044940035
385, 0.004777661
386, 0.0025312675
386, 0.0028673504
386, 0.002156831
386, 0.0024733676
386, 0.0028338602
386, 0.0029861112
386, 0.0023770847
386, 0.0025098345
387, 0.003245502
387, 0.0038035463
387, 0.0025805873
387, 0.00305444
387, 0.0033288696
387, 0.0038845812
387, 0.0025309322
387, 0.0030022862
388, 0.0036883105
388, 0.0032201412
388, 0.003319667
388, 0.0031569712
388, 0.0034409354
388, 0.0029906186
388, 0.0030635083
388, 0.0029184832
389, 0.00300014
389, 0.0029749442
389, 0.0031658434
389, 0.0033355071
389, 0.0027629328
389, 0.0023126288
389, 0.003063326
389, 0.002807707
390, 0.0030511513
390, 0.0029588155
390, 0.0034970508
390, 0.003444393
390, 0.0022974552
390, 0.002670612
390, 0.0028731432
390, 0.0032861559
391, 0.003121129
391, 0.0033085984
391, 0.0033333579
391, 0.0032879717
391, 0.0032710182
391, 0.003529991
391, 0.003430798
391, 0.0034568494
392, 0.0035448226
392, 0.0035125155
392, 0.0033408822
392, 0.003263046
392, 0.0035698875
392, 0.0034456472
392, 0.0034042394
392, 0.003234485
393, 0.0033348722
393, 0.0030565802
393, 0.00318646
393, 0.0030052417
393, 0.0033076333
393, 0.003036932
393, 0.0031835774
393, 0.0030099389
394, 0.0027982881
394, 0.0029043427
394, 0.003081638
394, 0.0030912664
394, 0.0028670758
394, 0.0031360383
394, 0.0031289286
394, 0.003301479
395, 0.0029886852
395, 0.0030227883
395, 0.0028934858
395, 0.0027938976
395, 0.0032617843
395, 0.003252753
395, 0.0031893677
395, 0.00304662
396, 0.0028413213
396, 0.0025155682
396, 0.0023939332
396, 0.0020435934
396, 0.003164963
396, 0.0028605966
396, 0.0026664713
396, 0.0023375188
397, 0.002135443
397, 0.0019854621
397, 0.0021808348
397, 0.0020790186
397, 0.00259461
397, 0.0023402062
397, 0.0026344554
397, 0.0024282273
398, 0.0018816065
398, 0.0021552239
398, 0.0018992502
398, 0.0020085655
398, 0.0020969366
398, 0.002172597
398, 0.0021304486
398, 0.002041811
399, 0.0027169068
399, 0.0034347922
399, 0.0025996347
399, 0.0033276952
399, 0.0026051372
399, 0.0036806108
399, 0.0024399648
399, 0.0035255312
400, 0.0042032767
400, 0.004719753
400, 0.004215579
400, 0.0045402637
400, 0.00514983
400, 0.006213439
400, 0.0052008852
400, 0.00607245
401, 0.0050121774
401, 0.004844671
401, 0.004600709
401, 0.004489389
401, 0.006442868
401, 0.005745779
401, 0.006187983
401, 0.0055472483
402, 0.004055976
402, 0.0033066073
402, 0.003819203
402, 0.0032247037
402, 0.004617714
402, 0.0037167356
402, 0.0043126647
402, 0.003566663
403, 0.0027990309
403, 0.0027416574
403, 0.0027799762
403, 0.0027876077
403, 0.0030665386
403, 0.002891362
403, 0.0030362112
403, 0.0029260423
404, 0.0031011864
404, 0.003598216
404, 0.003053012
404, 0.0035785118
404, 0.0032473
404, 0.0037022028
404, 0.003197503
404, 0.0036808797
405, 0.0040968573
405, 0.0041773263
405, 0.003986693
405, 0.0040732613
405, 0.004137869
405, 0.004195178
405, 0.004019403
405, 0.0040828134
406, 0.0038637787
406, 0.0033084026
406, 0.003904871
406, 0.003365101
406, 0.0039665317
406, 0.003511427
406, 0.003995609
406, 0.003556123
407, 0.002788354
407, 0.0023825297
407, 0.0029580006
407, 0.0025239498
407, 0.003071817
407, 0.002827677
407, 0.003185068
407, 0.002912737
408, 0.0028203719
408, 0.003036418
408, 0.0029752147
408, 0.0032617117
408, 0.0027414374
408, 0.0033136636
408, 0.0028197935
408, 0.0034624643
409, 0.0032714545
409, 0.0034264494
409, 0.0037244705
409, 0.0038748858
409, 0.0038348096
409, 0.004321061
409, 0.0043043625
409, 0.004786149
410, 0.0038379407
410, 0.0040245536
410, 0.004101992
410, 0.0041734157
410, 0.004630213
410, 0.0047201775
410, 0.005146663
410, 0.005121378
411, 0.0039585805
411, 0.0033970273
411, 0.003790343
411, 0.0032818974
411, 0.0049025444
411, 0.004225648
411, 0.0045429133
411, 0.003919338
412, 0.0030405628
412, 0.003079028
412, 0.00288083
412, 0.00283384
412, 0.0039523975
412, 0.004037164
412, 0.0036465588
412, 0.0036457488
413, 0.003284261
413, 0.003777162
413, 0.003294188
413, 0.003711063
413, 0.0038645954
413, 0.0041345954
413, 0.0039590355
413, 0.004153003
414, 0.0039614085
414, 0.0039734384
414, 0.0038745075
414, 0.003988311
414, 0.0042481814
414, 0.004170996
414, 0.0042730947
414, 0.0042977426
415, 0.0035385718
415, 0.0033162332
415, 0.0037861867
415, 0.0035150626
415, 0.003727686
415, 0.0035152666
415, 0.0039571556
415, 0.0036959483
416, 0.0028737218
416, 0.0024115406
416, 0.0028518417
416, 0.0023808607
416, 0.0030334902
416, 0.0025713462
416, 0.0030079293
416, 0.0025369867
417, 0.0022068003
417, 0.0023470065
417, 0.002159582
417, 0.0023522363
417, 0.0023727901
417, 0.0024083809
417, 0.0023024767
417, 0.0023905204
418, 0.002606871
418, 0.002611845
418, 0.0026232551
418, 0.002689252
418, 0.002517579
418, 0.0024075308
418, 0.0025267783
418, 0.0024777341
419, 0.0021093432
419, 0.0023909637
419, 0.002116209
419, 0.002311527
419, 0.0024879207
419, 0.0027657181
419, 0.0025919564
419, 0.0027834675
420, 0.0024521286
420, 0.0022406152
420, 0.0021528336
420, 0.0019030161
420, 0.0029380617
420, 0.002704066
420, 0.002624671
420, 0.0023523658
421, 0.002105921
421, 0.0021510867
421, 0.0018476454
421, 0.0019050362
421, 0.002532173
421, 0.002200989
421, 0.0021909704
421, 0.0018721197
422, 0.0024391117
422, 0.002582049
422, 0.0023370138
422, 0.0025242278
422, 0.0020855486
422, 0.0021373988
422, 0.0020315913
422, 0.0021276965
423, 0.0028654486
423, 0.0029501307
423, 0.002929286
423, 0.0030397635
423, 0.002592483
423, 0.002970381
423, 0.002506745
423, 0.002910397
424, 0.0029411777
424, 0.0026498854
424, 0.0029194646
424, 0.0026366538
424, 0.0032506888
424, 0.003240952
424, 0.0032891468
424, 0.003287885
425, 0.0024593577
425, 0.0027004038
425, 0.0024886525
425, 0.0027139008
425, 0.0031969992
425, 0.003396557
425, 0.0032257726
425, 0.003409519
426, 0.0025452562
426, 0.0022406282
426, 0.002441133
426, 0.002112917
426, 0.003009077
426, 0.0025552032
426, 0.0028893275
426, 0.0024118808
427, 0.002057095
427, 0.0021776343
427, 0.0019973093
427, 0.0021568893
427, 0.0022972573
427, 0.002373949
427, 0.0022748613
427, 0.0023906038
428, 0.0020962418
428, 0.0018977636
428, 0.0021101898
428, 0.001916977
428, 0.002300526
428, 0.0021609156
428, 0.0023096027
428, 0.0021752594
429, 0.0018350668
429, 0.0019250996
429, 0.0018325024
429, 0.0019514535
429, 0.0021165425
429, 0.0023012308
429, 0.0021382638
429, 0.0023518794
430, 0.0018195544
430, 0.0019096575
430, 0.0018038232
430, 0.0018819306
430, 0.0022421395
430, 0.002246631
430, 0.0022013409
430, 0.002193835
431, 0.002358281
431, 0.0027207406
431, 0.0023838952
431, 0.0027480654
431, 0.002575674
431, 0.002811753
431, 0.0025465079
431, 0.002784297
432, 0.0030935702
432, 0.0030201739
432, 0.0030596408
432, 0.0030454474
432, 0.0031309172
432, 0.003000335
432, 0.003039788
432, 0.0029684093
433, 0.0029887352
433, 0.0029526637
433, 0.0029441537
433, 0.002877718
433, 0.0029509699
433, 0.002843231
433, 0.003074376
433, 0.0029362245
434, 0.0030914694
434, 0.0031652346
434, 0.003142755
434, 0.003245713
434, 0.002768483
434, 0.0029521566
434, 0.0028368544
434, 0.0030497129
435, 0.0027483385
435, 0.0024129061
435, 0.0028876346
435, 0.0026199366
435, 0.0029648994
435, 0.0027271432
435, 0.0030893271
435, 0.002919355
436, 0.0022222241
436, 0.002267617
436, 0.0023037954
436, 0.0022066645
436, 0.0025209498
436, 0.0025891839
436, 0.0024908127
436, 0.0024164724
437, 0.0022349406
437, 0.002156979
437, 0.0021541258
437, 0.0020881342
437, 0.0024528517
437, 0.0024108123
437, 0.0024186932
437, 0.0023886175
438, 0.0021145432
438, 0.0021396626
438, 0.0020667373
438, 0.0020921777
438, 0.0024373706
438, 0.0024678872
438, 0.0023957607
438, 0.0024265992
439, 0.002028623
439, 0.0020024322
439, 0.002031555
439, 0.0020430386
439, 0.0023235087
439, 0.0023268475
439, 0.0023576354
439, 0.002398662
440, 0.0018797542
440, 0.0018320626
440, 0.0019183097
440, 0.0018476418
440, 0.0022179745
440, 0.002209886
440, 0.0022509191
440, 0.0022198507
441, 0.0018462365
441, 0.0018839658
441, 0.0020513895
441, 0.0019976576
441, 0.0020197062
441, 0.0019804446
441, 0.0021225074
441, 0.0019918198
442, 0.0023293283
442, 0.0025284255
442, 0.0022173997
442, 0.002399432
442, 0.0023225402
442, 0.002370267
442, 0.0022800593
442, 0.0023107221
443, 0.002546343
443, 0.0021612842
443, 0.0024252054
443, 0.001974718
443, 0.0025406526
443, 0.0026468763
443, 0.002537887
443, 0.00257861
444, 0.0019311516
444, 0.0020097063
444, 0.001961871
444, 0.0021190539
444, 0.0028616472
444, 0.0029914698
444, 0.002763084
444, 0.0029716084
445, 0.0023622562
445, 0.0025283871
445, 0.0020874701
445, 0.0023211518
445, 0.0028910288
445, 0.0027254687
445, 0.00271415
445, 0.002616231
446, 0.002415753
446, 0.0027149995
446, 0.0023498237
446, 0.002622753
446, 0.0027330501
446, 0.002978363
446, 0.0026320806
446, 0.0028510587
447, 0.0027410137
447, 0.0024127697
447, 0.0028176995
447, 0.0024789264
447, 0.002876255
447, 0.002716049
447, 0.0029783489
447, 0.002807614
448, 0.0021381967
448, 0.002027753
448, 0.0022697046
448, 0.00218957
448, 0.002494944
448, 0.0021813645
448, 0.0025836763
448, 0.0023004
449, 0.002092055
449, 0.0023116535
449, 0.0022575422
449, 0.0024349315
449, 0.002240253
449, 0.0026100713
449, 0.0024048567
449, 0.0027324718
450, 0.0024515274
450, 0.0024155905
450, 0.0023496028
450, 0.0023397487
450, 0.0028570888
450, 0.002933862
450, 0.0028167882
450, 0.0029196695
451, 0.002058046
451, 0.0019174145
451, 0.002221097
451, 0.0021307012
451, 0.002453114
451, 0.0021560155
451, 0.002553779
451, 0.0023069005
452, 0.0044739246
452, 0.0038698264
452, 0.0043675527
452, 0.0038559742
452, 0.003342396
452, 0.0027958923
452, 0.0032959196
452, 0.0028417967
453, 0.0031088109
453, 0.0023002985
453, 0.0031281423
453, 0.0023612462
453, 0.002456094
453, 0.0022696499
453, 0.0024190862
453, 0.0022742848
454, 0.002325295
454, 0.0028402288
454, 0.0023013768
454, 0.0028083113
454, 0.002612946
454, 0.0029717633
454, 0.0026771184
454, 0.0030279427
455, 0.0034408171
455, 0.0035049873
455, 0.0032932076
455, 0.003296136
455, 0.00333354
455, 0.003189298
455, 0.0032368961
455, 0.0030314282
456, 0.003060689
456, 0.0028935925
456, 0.0031321156
456, 0.002960123
456, 0.002725399
456, 0.002843737
456, 0.0028269994
456, 0.0029404731
457, 0.002706164
457, 0.0029434003
457, 0.0027692805
457, 0.0030273139
457, 0.0027593314
457, 0.0029116974
457, 0.00271638
457, 0.002889515
458, 0.003143924
458, 0.0029704925
458, 0.0030339803
458, 0.0028366388
458, 0.0030241567
458, 0.0027973463
458, 0.002944134
458, 0.0026934072
459, 0.00324243
459, 0.0035102607
459, 0.0030815592
459, 0.0033479244
459, 0.003030924
459, 0.0034064609
459, 0.0028140442
459, 0.0031880864
460, 0.0034560228
460, 0.003483354
460, 0.003538478
460, 0.0037539767
460, 0.0034202663
460, 0.0033005902
460, 0.0034780113
460, 0.0035464624
461, 0.0032062612
461, 0.003398775
461, 0.0036305245
461, 0.0037783852
461, 0.003067661
461, 0.0031678923
461, 0.0035640688
461, 0.003619625
462, 0.0039480347
462, 0.00439676
462, 0.0042619836
462, 0.0045117107
462, 0.0032270197
462, 0.0033451817
462, 0.0034529346
462, 0.0033723004
463, 0.0033200423
463, 0.0031577372
463, 0.0029170567
463, 0.0027822026
463, 0.0033315716
463, 0.0031954572
463, 0.0030963514
463, 0.002987673
464, 0.0032875568
464, 0.0036916768
464, 0.0031563335
464, 0.0035021955
464, 0.0031734132
464, 0.003176582
464, 0.0031318557
464, 0.0030768022
465, 0.003828111
465, 0.0034922168
465, 0.0036850711
465, 0.0033300673
465, 0.0034227374
465, 0.0031294154
465, 0.0030846247
465, 0.0027722793
466, 0.0034338147
466, 0.003318339
466, 0.0030006191
466, 0.0029798073
466, 0.003016942
466, 0.0029556628
466, 0.0025706692
466, 0.0026040338
467, 0.003437248
467, 0.0039865775
467, 0.0032829137
467, 0.0037303376
467, 0.002950989
467, 0.0033401793
467, 0.002759803
467, 0.003047133
468, 0.0039518178
468, 0.0036070163
468, 0.003612789
468, 0.003336813
468, 0.0031461867
468, 0.0029391495
468, 0.0027853716
468, 0.0026470693
469, 0.0031031466
469, 0.0030452546
469, 0.0029857315
469, 0.003059823
469, 0.0025905636
469, 0.0024258764
469, 0.0024389296
469, 0.0024061787
470, 0.0033059923
470, 0.0035276678
470, 0.003479681
470, 0.003604187
470, 0.002621287
470, 0.003132688
470, 0.002879155
470, 0.0032934807
471, 0.004133162
471, 0.0048698727
471, 0.004036325
471, 0.004694135
471, 0.003837059
471, 0.004361766
471, 0.0036747325
471, 0.004120542
472, 0.0050702333
472, 0.005208398
472, 0.004994407
472, 0.0050211623
472, 0.0046123383
472, 0.004571844
472, 0.0042771385
472, 0.004125341
473, 0.005083285
473, 0.0040494516
473, 0.0044107116
473, 0.0035213174
473, 0.0042122724
473, 0.0036865815
473, 0.0038247246
473, 0.0034430004
474, 0.0032229223
474, 0.0033541187
474, 0.0036316577
474, 0.0037463114
474, 0.003411518
474, 0.0035602802
474, 0.0038111885
474, 0.003943402
475, 0.0034717766
475, 0.0031314516
475, 0.0036783505
475, 0.003291337
475, 0.0034702304
475, 0.002841204
475, 0.003703062
475, 0.0030272766
476, 0.0032176857
476, 0.0029974233
476, 0.0032612896
476, 0.0029711092
476, 0.0026350257
476, 0.002392139
476, 0.0026220647
476, 0.002309344
477, 0.0027545064
477, 0.00268814
477, 0.002859434
477, 0.002792699
477, 0.0023307195
477, 0.0024026874
477, 0.0023251201
477, 0.0023967011
478, 0.0027572967
478, 0.0029508413
478, 0.0027171785
478, 0.0028748102
478, 0.002455923
478, 0.002635847
478, 0.002457082
478, 0.0026011043
479, 0.003092051
479, 0.0033269727
479, 0.003022321
479, 0.0033049379
479, 0.002587339
479, 0.0027313565
479, 0.0025018533
479, 0.0026935218
480, 0.0030542943
480, 0.0031425445
480, 0.0030519709
480, 0.00324481
480, 0.0026112772
480, 0.002839526
480, 0.002613684
480, 0.0029464965
481, 0.003427523
481, 0.003751053
481, 0.0036209987
481, 0.0039019869
481, 0.0031207094
481, 0.0032125206
481, 0.003319548
481, 0.0033687977
482, 0.004040092
482, 0.0038268259
482, 0.0040912596
482, 0.0037720078
482, 0.0033286354
482, 0.0032355988
482, 0.0033902621
482, 0.0031913202
483, 0.0036194501
483, 0.0032821314
483, 0.0033550658
483, 0.0030500395
483, 0.0031153718
483, 0.0030460127
483, 0.0029074708
483, 0.0028703196
484, 0.0029693001
484, 0.00317581
484, 0.0030045619
484, 0.003344628
484, 0.0032022004
484, 0.0033720934
484, 0.003284317
484, 0.0035878757
485, 0.003540377
485, 0.0033588866
485, 0.00358075
485, 0.0034401673
485, 0.0033549592
485, 0.0031331289
485, 0.0033619213
485, 0.003180995
486, 0.0027366118
486, 0.0025121502
486, 0.002802166
486, 0.0025910535
486, 0.0025013755
486, 0.002273722
486, 0.0025693148
486, 0.0023550105
487, 0.0019337737
487, 0.0018720598
487, 0.0021758694
487, 0.002133789
487, 0.0016013928
487, 0.0015401526
487, 0.0017998576
487, 0.0017582375
488, 0.0018622944
488, 0.0018493489
488, 0.0020651603
488, 0.0020182852
488, 0.0015339766
488, 0.0015773579
488, 0.0017295292
488, 0.0017390014
489, 0.0020595007
489, 0.0019936785
489, 0.0021502005
489, 0.0020537425
489, 0.0018121058
489, 0.0017782518
489, 0.0019020266
489, 0.0018375475
490, 0.0020404172
490, 0.0022710962
490, 0.002139721
490, 0.0023570012
490, 0.0019626652
490, 0.0021064067
490, 0.0020507372
490, 0.0021810692
491, 0.0025608502
491, 0.0029744916
491, 0.0026198498
491, 0.0030556961
491, 0.002328232
491, 0.0025892924
491, 0.0023699782
491, 0.0026532297
492, 0.0032079143
492, 0.0031405513
492, 0.0031096938
492, 0.003011572
492, 0.0026645625
492, 0.0027632515
492, 0.002610385
492, 0.0026783221
493, 0.0030085193
493, 0.0028684188
493, 0.0029998082
493, 0.0028576937
493, 0.0026251695
493, 0.002651947
493, 0.0026749338
493, 0.0026996916
494, 0.0028758538
494, 0.0028122766
494, 0.0030024704
494, 0.0029442676
494, 0.0028829689
494, 0.002948666
494, 0.0031061762
494, 0.0031772365
495, 0.0033177752
495, 0.0034907553
495, 0.0033814714
495, 0.0035637456
495, 0.003445329
495, 0.003350606
495, 0.0034210414
495, 0.0033356354
496, 0.0035996705
496, 0.00375178
496, 0.0039191865
496, 0.0042050965
496, 0.002599296
496, 0.0029531082
496, 0.00302149
496, 0.00350919
497, 0.003704919
497, 0.003905381
497, 0.0044499054
497, 0.0044436846
497, 0.0029116166
497, 0.00306584
497, 0.0034674834
497, 0.0034151692
498, 0.0036396594
498, 0.0031268147
498, 0.003764624
498, 0.0032197642
498, 0.002790658
498, 0.0024416416
498, 0.0030089437
498, 0.0026279318
499, 0.0024734116
499, 0.0020603044
499, 0.0026520835
499, 0.002270708
499, 0.0018976679
499, 0.0016385776
499, 0.0020621817
499, 0.0018348342
500, 0.0019121631
500, 0.0016668234
500, 0.0020675203
500, 0.0018130476
500, 0.0016060262
500, 0.0015021926
500, 0.0017643158
500, 0.0016513666
501, 0.0017583055
501, 0.0021322276
501, 0.0021204432
501, 0.0024745874
501, 0.0017224997
501, 0.0020164554
501, 0.001986145
501, 0.0022602757
502, 0.0025299496
502, 0.0028684053
502, 0.0027580706
502, 0.003097843
502, 0.002406029
502, 0.0027199043
502, 0.0025863587
502, 0.0029015245
503, 0.0029559883
503, 0.0028430624
503, 0.0030816665
503, 0.002969672
503, 0.0027640227
503, 0.0027512102
503, 0.002864448
503, 0.0028525738
504, 0.002877307
504, 0.0028811907
504, 0.0029019464
504, 0.0029046952
504, 0.002786151
504, 0.0028958507
504, 0.0028767304
504, 0.0029852947
505, 0.003138343
505, 0.0033686545
505, 0.0031813635
505, 0.0034376767
505, 0.003178995
505, 0.0029603792
505, 0.0032450254
505, 0.0030523874
506, 0.0037351013
506, 0.003719984
506, 0.003849398
506, 0.0039091064
506, 0.0028775595
506, 0.0025953136
506, 0.0030777166
506, 0.002870175
507, 0.0027884785
507, 0.0030931015
507, 0.002898314
507, 0.0030159566
507, 0.003354615
507, 0.0034777657
507, 0.0033111244
507, 0.0032471516
508, 0.003391747
508, 0.0032788357
508, 0.0030070269
508, 0.0028584383
508, 0.0032298686
508, 0.0028250064
508, 0.002902444
508, 0.0024619736
509, 0.0028020062
509, 0.0027428363
509, 0.0028808636
509, 0.0028409127
509, 0.0026274684
509, 0.0026150327
509, 0.0028622602
509, 0.0028690759
510, 0.002386655
510, 0.0019679377
510, 0.0027169678
510, 0.002377412
510, 0.002151037
510, 0.0019374532
510, 0.002511529
510, 0.0023771434
511, 0.0020293975
511, 0.0023640182
511, 0.0024635568
511, 0.0028715315
511, 0.0019685451
511, 0.0019975668
511, 0.0023667063
511, 0.0024689548
512, 0.0029228632
512, 0.0031373329
512, 0.0030829858
512, 0.0033634298
512, 0.002473277
512, 0.0027089044
512, 0.0027427408
512, 0.0030443685
513, 0.0032610067
513, 0.0032706521
513, 0.0034745294
513, 0.0033537708
513, 0.0029933103
513, 0.0032351643
513, 0.0032301769
513, 0.0033416548
514, 0.003276805
514, 0.003182399
514, 0.0033344887
514, 0.0031685922
514, 0.003308762
514, 0.0033169289
514, 0.003349518
514, 0.003286198
515, 0.0030822037
515, 0.0031902702
515, 0.0033107721
515, 0.0034586547
515, 0.0032135888
515, 0.0031230508
515, 0.0033764844
515, 0.0033257299
516, 0.0032841351
516, 0.0031567242
516, 0.0034372504
516, 0.0033873697
516, 0.0032496776
516, 0.003213727
516, 0.0032801663
516, 0.003321764
517, 0.0031092623
517, 0.0029501126
517, 0.0031842175
517, 0.0030948047
517, 0.0032522571
517, 0.0033719167
517, 0.0033460313
517, 0.0035354774
518, 0.0035167586
518, 0.0033812532
518, 0.0035081722
518, 0.0034416437
518, 0.0040983865
518, 0.0042148847
518, 0.0041090627
518, 0.004294577
519, 0.0031847341
519, 0.0028084063
519, 0.00332143
519, 0.0030693996
519, 0.00404346
519, 0.00369177
519, 0.004224824
519, 0.003997465
520, 0.0032227014
520, 0.004317773
520, 0.0034858414
520, 0.004621084
520, 0.0044633164
520, 0.005287578
520, 0.004616931
520, 0.005481261
521, 0.005762036
521, 0.00675279
521, 0.006316164
521, 0.007131697
521, 0.0060236403
521, 0.0063781766
521, 0.006455985
521, 0.0066351467
522, 0.0067887814
522, 0.0059635905
522, 0.0071717114
522, 0.006383627
522, 0.006296325
522, 0.0058082226
522, 0.00676339
522, 0.0063124583
523, 0.00484397
523, 0.004151329
523, 0.004948491
523, 0.004079042
523, 0.005088978
523, 0.004547692
523, 0.0052832887
523, 0.004565025
524, 0.0035685536
524, 0.0032838604
524, 0.0034593572
524, 0.0032370551
524, 0.0038834948
524, 0.0035111594
524, 0.0037130474
524, 0.003403145
525, 0.0034945074
525, 0.003837779
525, 0.0034120828
525, 0.0038364877
525, 0.0035855137
525, 0.0038708944
525, 0.003515808
525, 0.0038823243
526, 0.004284476
526, 0.0043973103
526, 0.004214945
526, 0.004288879
526, 0.0043325713
526, 0.004560743
526, 0.0043537836
526, 0.0045430535
527, 0.004251543
527, 0.004017115
527, 0.004246101
527, 0.0040312493
527, 0.0044594873
527, 0.0043070773
527, 0.00448466
527, 0.00435183
528, 0.003669577
528, 0.003676498
528, 0.003691969
528, 0.0036561734
528, 0.0041260533
528, 0.0042232964
528, 0.004069386
528, 0.0041238843
529, 0.0030724101
529, 0.0037736453
529, 0.0028750838
529, 0.0035765304
529, 0.0032730016
529, 0.0037861052
529, 0.0031172442
529, 0.0036306137
530, 0.004582771
530, 0.005349805
530, 0.004752298
530, 0.005658993
530, 0.0045706816
530, 0.005613084
530, 0.0047405846
530, 0.005922685
531, 0.005923493
531, 0.0058605536
531, 0.0062573347
531, 0.005760657
531, 0.0064452724
531, 0.006300489
531, 0.0066452487
531, 0.006066652
532, 0.006182577
532, 0.0057524657
532, 0.0052898247
532, 0.0051877648
532, 0.006552146
532, 0.0066853045
532, 0.0059249834
532, 0.0063861655
533, 0.0054823323
533, 0.0054941657
533, 0.004966988
533, 0.0049429163
533, 0.006783155
533, 0.0067275413
533, 0.006297315
533, 0.0062057837
534, 0.005126895
534, 0.004992049
534, 0.0051427553
534, 0.005073506
534, 0.006360794
534, 0.005869534
534, 0.006205615
534, 0.005780106
535, 0.0047639036
535, 0.0045121834
535, 0.004953895
535, 0.0047336696
535, 0.005187775
535, 0.0047224513
535, 0.0053864694
535, 0.0049526095
536, 0.004011743
536, 0.003807548
536, 0.0042625107
536, 0.0040477887
536, 0.0041415677
536, 0.003920108
536, 0.0043626474
536, 0.0041306587
537, 0.003315373
537, 0.002855604
537, 0.0033802125
537, 0.0029281578
537, 0.0035636863
537, 0.003202363
537, 0.0036139064
537, 0.0032603105
538, 0.0026459286
538, 0.0027229704
538, 0.0026396583
538, 0.0026488781
538, 0.002885461
538, 0.002865228
538, 0.00287051
538, 0.0027824547
539, 0.0027298527
539, 0.002716385
539, 0.0026211462
539, 0.002582902
539, 0.002829093
539, 0.0029004908
539, 0.00273341
539, 0.0027800258
540, 0.0028893044
540, 0.0031908806
540, 0.0030605558
540, 0.0033357337
540, 0.0029546956
540, 0.0033430448
540, 0.003105252
540, 0.0034671996
541, 0.003413811
541, 0.003408637
541, 0.0031672027
541, 0.002963801
541, 0.00354182
541, 0.003645798
541, 0.0033207277
541, 0.0032264504
542, 0.0033089137
542, 0.0025247862
542, 0.0028755034
542, 0.0023625977
542, 0.0036924714
542, 0.0032156885
542, 0.0032566306
542, 0.003051065
543, 0.0021667213
543, 0.0024627168
543, 0.0023109298
543, 0.0024150114
543, 0.0031506796
543, 0.0031904099
543, 0.0032253917
543, 0.0030729873
544, 0.002769536
544, 0.0031798377
544, 0.0025096599
544, 0.0029346135
544, 0.0032207973
544, 0.00343041
544, 0.0029642915
544, 0.0031886012
545, 0.003761287
545, 0.0039713727
545, 0.0036688407
545, 0.0039180326
545, 0.0038953312
545, 0.004391537
545, 0.0037255094
545, 0.0042607808
546, 0.0040362948
546, 0.0040175505
546, 0.0040286663
546, 0.004052616
546, 0.004550472
546, 0.004355054
546, 0.0046121352
546, 0.00445943
547, 0.0035828897
547, 0.0031364763
547, 0.0034918746
547, 0.0030185152
547, 0.00379942
547, 0.0033533548
547, 0.0037555622
547, 0.0032825342
548, 0.002630298
548, 0.0026022992
548, 0.0026129568
548, 0.0026210097
548, 0.0028600304
548, 0.0026231098
548, 0.0027876406
548, 0.0025867843
549, 0.002551858
549, 0.0024539046
549, 0.0025854686
549, 0.002507117
549, 0.0024943044
549, 0.0025707756
549, 0.0025652999
549, 0.00266138
550, 0.0025479987
550, 0.0027101722
550, 0.0026231885
550, 0.0028056966
550, 0.0026773214
550, 0.0027181078
550, 0.0027948641
550, 0.002855979
551, 0.0029266607
551, 0.002943445
551, 0.0028571917
551, 0.0027879046
551, 0.003398417
551, 0.003402984
551, 0.0033204297
551, 0.003238899
552, 0.0030309092
552, 0.0031325086
552, 0.0029002267
552, 0.0030765682
552, 0.0033719635
552, 0.0032177824
552, 0.0032667946
552, 0.0031873789
553, 0.003118423
553, 0.0028493432
553, 0.003043469
553, 0.0029050284
553, 0.0029889832
553, 0.0025296952
553, 0.0029193684
553, 0.0025906754
554, 0.0026541709
554, 0.0026406338
554, 0.002903177
554, 0.002795008
554, 0.002496028
554, 0.0027422267
554, 0.002622824
554, 0.0027744407
555, 0.002906235
555, 0.003099068
555, 0.0029691865
555, 0.0031483348
555, 0.0031225425
555, 0.003319031
555, 0.0031385396
555, 0.003321332
556, 0.0031775082
556, 0.0029627997
556, 0.0032228162
556, 0.0029354303
556, 0.0031735292
556, 0.0029172
556, 0.0033029187
556, 0.0029738955
557, 0.0028806631
557, 0.0030377973
557, 0.0025741302
557, 0.0027703103
557, 0.0031100404
557, 0.0034655577
557, 0.0027881481
557, 0.003182676
558, 0.0029297883
558, 0.00293582
558, 0.0029271736
558, 0.0029333145
558, 0.0033315767
558, 0.0032881638
558, 0.0033304445
558, 0.0032871405
559, 0.0029370757
559, 0.0029550986
559, 0.0029084163
559, 0.002937051
559, 0.0032275827
559, 0.003240251
559, 0.0032240122
559, 0.0032472962
560, 0.0028179598
560, 0.0028087227
560, 0.002885407
560, 0.0029324992
560, 0.0031459664
560, 0.0031201516
560, 0.0032121139
560, 0.0032426417
561, 0.002797516
561, 0.0028117204
561, 0.0028875768
561, 0.002857389
561, 0.003162428
561, 0.003286151
561, 0.0033049118
561, 0.0033842283
562, 0.0025413847
562, 0.0023953654
562, 0.0024952928
562, 0.0022992622
562, 0.0028227414
562, 0.002565794
562, 0.002765254
562, 0.0024583016
563, 0.0023567183
563, 0.0023773483
563, 0.0022782972
563, 0.0022457098
563, 0.0024560574
563, 0.0023029596
563, 0.0023850934
563, 0.0021787875
564, 0.0027206794
564, 0.003109575
564, 0.002624693
564, 0.002906074
564, 0.0025620398
564, 0.0031381634
564, 0.0024454347
564, 0.0029140424
565, 0.00353676
565, 0.0035466629
565, 0.0032342656
565, 0.0033745486
565, 0.003518395
565, 0.0032680733
565, 0.003244658
565, 0.0031247176
566, 0.0033527138
566, 0.003029457
566, 0.0031152605
566, 0.0028062866
566, 0.0031835272
566, 0.003063376
566, 0.0030004142
566, 0.0028945103
567, 0.0029434366
567, 0.0029986254
567, 0.0027157846
567, 0.0028412468
567, 0.0030243502
567, 0.003034607
567, 0.0029060263
567, 0.0029865694
568, 0.0030465398
568, 0.0031965945
568, 0.0030824323
568, 0.0031382155
568, 0.0031084383
568, 0.0033224165
568, 0.0030816488
568, 0.0032013261
569, 0.0029690426
569, 0.002679978
569, 0.0028671902
569, 0.002633779
569, 0.003119266
569, 0.0029742874
569, 0.0029703025
569, 0.0028809723
570, 0.0026434022
570, 0.0029750213
570, 0.0026510193
570, 0.0029055146
570, 0.0028954858
570, 0.0030032226
570, 0.0028465164
570, 0.0028771379
571, 0.0031700095
571, 0.0033151645
571, 0.0029935176
571, 0.0031605524
571, 0.0031988013
571, 0.0034001546
571, 0.0030945486
571, 0.0033178106
572, 0.003078661
572, 0.0027355738
572, 0.002952798
572, 0.0026995097
572, 0.003281692
572, 0.0030978404
572, 0.0030816211
572, 0.0029875878
573, 0.0025229997
573, 0.002055552
573, 0.0023176486
573, 0.0018694428
573, 0.0021319657
573, 0.0018453124
573, 0.0019306581
573, 0.0016632132
574, 0.0021512455
574, 0.0022900144
574, 0.0018264008
574, 0.0020166384
574, 0.002126914
574, 0.0024061126
574, 0.0018320301
574, 0.002162679
575, 0.0026979665
575, 0.002896205
575, 0.0025688042
575, 0.002750271
575, 0.0026922075
575, 0.002679625
575, 0.0026790956
575, 0.0026497338
576, 0.0030388045
576, 0.0028209463
576, 0.0026815322
576, 0.0024234094
576, 0.0027108418
576, 0.00240544
576, 0.0023346185
576, 0.0019889977
577, 0.0023592946
577, 0.0024731432
577, 0.002246088
577, 0.0024921312
577, 0.002075547
577, 0.0022559355
577, 0.0018733812
577, 0.0021858981
578, 0.0025080577
578, 0.0025908076
578, 0.0024010846
578, 0.002507661
578, 0.0023745284
578, 0.0024088891
578, 0.002213197
578, 0.0022713868
579, 0.0026551674
579, 0.0025710452
579, 0.002596725
579, 0.002473825
579, 0.0023333435
579, 0.0024041329
579, 0.0023219415
579, 0.002353951
580, 0.0028285652
580, 0.003308792
580, 0.0026124392
580, 0.0031002576
580, 0.0026967968
580, 0.003125544
580, 0.0026032273
580, 0.0030396413
581, 0.0034506686
581, 0.0031949577
581, 0.003426771
581, 0.0031911617
581, 0.0032162608
581, 0.0030652557
581, 0.0031920958
581, 0.0030611842
582, 0.0029023578
582, 0.0029098634
582, 0.0030372462
582, 0.0029157463
582, 0.002964829
582, 0.0028933792
582, 0.0029492164
582, 0.002748767
583, 0.002800374
583, 0.002804246
583, 0.002605762
583, 0.0025797554
583, 0.002584394
583, 0.0024181549
583, 0.0023831045
583, 0.002187021
584, 0.003105326
584, 0.002908816
584, 0.0028765553
584, 0.0027533344
584, 0.0027871546
584, 0.002649257
584, 0.0026350312
584, 0.0025703898
585, 0.0027175238
585, 0.0026697956
585, 0.0027176603
585, 0.0026934277
585, 0.002560767
585, 0.0025299229
585, 0.0025590288
585, 0.0025516816
586, 0.0026914063
586, 0.0024564415
586, 0.002420992
586, 0.0022882363
586, 0.0025898332
586, 0.0024544736
586, 0.0022467363
586, 0.0022135808
587, 0.0024009787
587, 0.0023815557
587, 0.0022636633
587, 0.0022247236
587, 0.0023005684
587, 0.0022826593
587, 0.0022301415
587, 0.0021927126
588, 0.0023048855
588, 0.002599609
588, 0.0022300808
588, 0.002390074
588, 0.0021569447
588, 0.0022398115
588, 0.002105609
588, 0.002053807
589, 0.0024231146
589, 0.0022880523
589, 0.002110704
589, 0.0019915078
589, 0.0021579708
589, 0.002180067
589, 0.0018425828
589, 0.0018805097
590, 0.002037002
590, 0.0018970524
590, 0.0018370029
590, 0.0017407082
590, 0.001969125
590, 0.0018587552
590, 0.0017995671
590, 0.0017328508
591, 0.0020029892
591, 0.0026971644
591, 0.0021421474
591, 0.002911041
591, 0.001937576
591, 0.0024061985
591, 0.0019548135
591, 0.0024980227
592, 0.0033897785
592, 0.003529026
592, 0.0033608894
592, 0.003505685
592, 0.0028301585
592, 0.0030001216
592, 0.0027920092
592, 0.0029675164
593, 0.0037790763
593, 0.0035494233
593, 0.0036371243
593, 0.003326881
593, 0.0032538173
593, 0.0030531895
593, 0.0031142018
593, 0.0028330311
594, 0.0033299252
594, 0.0032046393
594, 0.0032882646
594, 0.0030591555
594, 0.002940199
594, 0.0028293189
594, 0.0029079604
594, 0.0026932892
595, 0.0032391658
595, 0.003286169
595, 0.0033537534
595, 0.0034138989
595, 0.0031991631
595, 0.0029992473
595, 0.0032968642
595, 0.0031100716
596, 0.0029068182
596, 0.0024890413
596, 0.0029552241
596, 0.002604121
596, 0.0025768555
596, 0.0023612026
596, 0.002622998
596, 0.0024740307
597, 0.0020644309
597, 0.0019945975
597, 0.0020249856
597, 0.0019619765
597, 0.0018961723
597, 0.0017755845
597, 0.0018688471
597, 0.0017550841
598, 0.0018653653
598, 0.0018491178
598, 0.0018952778
598, 0.0018657245
598, 0.0016652285
598, 0.0016499883
598, 0.0016577832
598, 0.0016292447
599, 0.0020247537
599, 0.0021928102
599, 0.0020993326
599, 0.0022194246
599, 0.0017997735
599, 0.0019696527
599, 0.0018492978
599, 0.001971223
600, 0.00223641
600, 0.0022377197
600, 0.0021879354
600, 0.002191326
600, 0.0021254295
600, 0.0021689318
600, 0.0020999152
600, 0.0021455013
601, 0.0022341965
601, 0.002407255
601, 0.002189214
601, 0.0023830668
601, 0.0021911429
601, 0.0023419359
601, 0.0021716987
601, 0.0023432968
602, 0.0025597087
602, 0.00290617
602, 0.002578364
602, 0.002844412
602, 0.0022773717
602, 0.002512497
602, 0.0023089666
602, 0.002463718
603, 0.0028970651
603, 0.002688434
603, 0.002748336
603, 0.0025391462
603, 0.0024058656
603, 0.0022122457
603, 0.0022182246
603, 0.0020240552
604, 0.002857048
604, 0.0028297289
604, 0.002628438
604, 0.0026523876
604, 0.0024350001
604, 0.0024874483
604, 0.0022273362
604, 0.0023310077
605, 0.003140485
605, 0.0031442174
605, 0.0031707282
605, 0.003155977
605, 0.0029622908
605, 0.0030554247
605, 0.0030187264
605, 0.003093372
606, 0.0033297306
606, 0.0028276744
606, 0.0031317521
606, 0.0027584888
606, 0.0032050984
606, 0.0027035952
606, 0.0029638929
606, 0.0025911746
607, 0.0023577092
607, 0.0019531804
607, 0.0023915768
607, 0.0020290825
607, 0.0022601846
607, 0.0019445367
607, 0.0023250463
607, 0.0020514224
608, 0.001428841
608, 0.0014075944
608, 0.001590402
608, 0.0015392246
608, 0.0015586265
608, 0.0015247581
608, 0.0017317128
608, 0.0016679083
609, 0.001356652
609, 0.0013934086
609, 0.0014734177
609, 0.0015359094
609, 0.0014213441
609, 0.0013644482
609, 0.001524189
609, 0.0014930229
610, 0.0016371702
610, 0.0017159928
610, 0.0017446603
610, 0.0017831397
610, 0.001481039
610, 0.0016271694
610, 0.0016183304
610, 0.0017241334
611, 0.0018164681
611, 0.0018932429
611, 0.0018900094
611, 0.0019556063
611, 0.0018639506
611, 0.0019847148
611, 0.0019242358
611, 0.002033822
612, 0.0019808484
612, 0.0020303589
612, 0.0020186286
612, 0.0021003447
612, 0.002159393
612, 0.0021141612
612, 0.0022003432
612, 0.0021873242
613, 0.0022099111
613, 0.0024387916
613, 0.0021774382
613, 0.0023124241
613, 0.0020774577
613, 0.0022673886
613, 0.0020830925
613, 0.0021791626
614, 0.0023952664
614, 0.0026433908
614, 0.0023823746
614, 0.0025910097
614, 0.0023253975
614, 0.0026136092
614, 0.0023786472
614, 0.0026273862
615, 0.0028872956
615, 0.0031046895
615, 0.0029300028
615, 0.003114166
615, 0.0028561712
615, 0.0029836195
615, 0.002783109
615, 0.0028773223
616, 0.0034549115
616, 0.0034465287
616, 0.0031780587
616, 0.0031889612
616, 0.003231155
616, 0.003311903
616, 0.0029608095
616, 0.0030608217
617, 0.0017562713
617, 0.0019590305
617, 0.0020385808
617, 0.002226292
617, 0.0012870885
617, 0.0014224736
617, 0.001516779
617, 0.0016371164
618, 0.0021892323
618, 0.002228139
618, 0.0023777755
618, 0.0023789657
618, 0.0017530888
618, 0.0018159747
618, 0.0019465741
618, 0.0019717603
619, 0.0019745042
619, 0.0017464787
619, 0.0021684216
619, 0.0019245979
619, 0.0017363534
619, 0.001722341
619, 0.0019434595
619, 0.0019136794
620, 0.001518004
620, 0.0014102967
620, 0.0016406534
620, 0.0015582788
620, 0.0015347959
620, 0.0014512163
620, 0.0016763633
620, 0.0016181195
621, 0.0014370272
621, 0.0014456689
621, 0.0015684201
621, 0.0016009489
621, 0.0014199954
621, 0.0013892445
621, 0.0015851225
621, 0.0015782504
622, 0.0016462551
622, 0.0018551281
622, 0.0018726812
622, 0.0020534417
622, 0.0015923314
622, 0.0017886586
622, 0.0018108862
622, 0.0019791008
623, 0.0021197693
623, 0.0022666985
623, 0.0022503652
623, 0.0024176792
623, 0.002092457
623, 0.0020820913
623, 0.0021420668
623, 0.0021520674
624, 0.0022920826
624, 0.0023315817
624, 0.0024452992
624, 0.0025185265
624, 0.001992911
624, 0.0020499867
624, 0.0022186593
624, 0.0023094793
625, 0.0023422076
625, 0.0025327965
625, 0.0025231126
625, 0.0027058942
625, 0.0021183959
625, 0.0021731579
625, 0.0022672408
625, 0.0023141732
626, 0.0024997233
626, 0.0022301343
626, 0.002670526
626, 0.0024635491
626, 0.0018997039
626, 0.001671059
626, 0.002109309
626, 0.0019432437
627, 0.0018491584
627, 0.0016181031
627, 0.0021598982
627, 0.0018673032
627, 0.0013858158
627, 0.0012466736
627, 0.0016875057
627, 0.0014868693
628, 0.0038384476
628, 0.0035976148
628, 0.0037879911
628, 0.0036484273
628, 0.0038154845
628, 0.0035769735
628, 0.0039324053
628, 0.0037951327
629, 0.0028711061
629, 0.0024361182
629, 0.0030499543
629, 0.0027020152
629, 0.0029519708
629, 0.002267374
629, 0.003290194
629, 0.0026925677
630, 0.0019474542
630, 0.0019464858
630, 0.002706817
630, 0.0025667688
630, 0.0017050571
630, 0.0018330179
630, 0.0022750043
630, 0.0022640233
631, 0.0018768298
631, 0.0017755885
631, 0.0025213757
631, 0.0023806833
631, 0.0018403555
631, 0.0017471297
631, 0.0024734382
631, 0.0023407643
632, 0.001790785
632, 0.0017573518
632, 0.0022550256
632, 0.0021759935
632, 0.001717823
632, 0.0016097153
632, 0.0022033541
632, 0.0020496186
633, 0.0021507076
633, 0.0023633898
633, 0.0023527555
633, 0.0025798331
633, 0.0019859127
633, 0.0023373167
633, 0.002194724
633, 0.0025605445
634, 0.0029997565
634, 0.0033426082
634, 0.0030782751
634, 0.0034032783
634, 0.0030448555
634, 0.0035218261
634, 0.0030478816
634, 0.003506984
635, 0.0034665042
635, 0.0035384118
635, 0.0035096605
635, 0.0035605442
635, 0.0037982594
635, 0.0037437438
635, 0.0037751847
635, 0.003699626
636, 0.0032657704
636, 0.0031600408
636, 0.003463346
636, 0.0033563173
636, 0.0033689886
636, 0.0032351078
636, 0.0034901933
636, 0.0033550118
637, 0.003232769
637, 0.0033996587
637, 0.003225725
637, 0.0033883343
637, 0.003274389
637, 0.0035803393
637, 0.0032857722
637, 0.0035874476
638, 0.0036291033
638, 0.0037522595
638, 0.0036339548
638, 0.0038231623
638, 0.0038261376
638, 0.0038769096
638, 0.003877115
638, 0.003993944
639, 0.0046540126
639, 0.0049286694
639, 0.004796821
639, 0.0050622323
639, 0.004798855
639, 0.005069762
639, 0.0049057077
639, 0.005167352
640, 0.0047814013
640, 0.0047906474
640, 0.00499056
640, 0.0049601854
640, 0.0052322783
640, 0.0054503893
640, 0.0055517773
640, 0.0057302816
641, 0.0055156737
641, 0.00582558
641, 0.0054328204
641, 0.0057032383
641, 0.0056744865
641, 0.005666063
641, 0.0058251047
641, 0.005777094
642, 0.006278195
642, 0.0064581838
642, 0.006376296
642, 0.006769482
642, 0.0061898087
642, 0.006491051
642, 0.0061767567
642, 0.006691101
643, 0.006092604
643, 0.005622289
643, 0.0068144053
643, 0.0063133542
643, 0.0062060915
643, 0.005748968
643, 0.0068346336
643, 0.006346838
644, 0.0052048205
644, 0.004627219
644, 0.005596686
644, 0.0049591847
644, 0.005284469
644, 0.0047545745
644, 0.0055590565
644, 0.0049693566
645, 0.004110612
645, 0.0038100446
645, 0.004282198
645, 0.0039495444
645, 0.0042061564
645, 0.003953204
645, 0.0044636857
645, 0.004178631
646, 0.0037645209
646, 0.0040378952
646, 0.003825754
646, 0.004034513
646, 0.0039528264
646, 0.004010427
646, 0.0039477353
646, 0.003940718
647, 0.004336874
647, 0.004627286
647, 0.0043736054
647, 0.0046520564
647, 0.0042148377
647, 0.004501335
647, 0.0043086214
647, 0.004583172
648, 0.004693797
648, 0.004595273
648, 0.0047164327
648, 0.004629685
648, 0.0046118796
648, 0.004567899
648, 0.004609692
648, 0.004577484
649, 0.004518823
649, 0.004628287
649, 0.004442456
649, 0.00461432
649, 0.0045540826
649, 0.004712207
649, 0.0044395574
649, 0.004660071
650, 0.0036161046
650, 0.0039848057
650, 0.0033381947
650, 0.0036638982
650, 0.0037892365
650, 0.004102897
650, 0.0035117562
650, 0.0037824248
651, 0.004689876
651, 0.005850629
651, 0.0046216687
651, 0.0058608344
651, 0.005191296
651, 0.006320525
651, 0.0050703743
651, 0.006278054
652, 0.006565346
652, 0.0061711944
652, 0.006640447
652, 0.0065378873
652, 0.0066371593
652, 0.006032067
652, 0.006614427
652, 0.0063009593
653, 0.006477084
653, 0.0070797484
653, 0.0066486406
653, 0.00689503
653, 0.005935583
653, 0.006450741
653, 0.00610129
653, 0.0062604668
654, 0.007551457
654, 0.0073468043
654, 0.0069066165
654, 0.006796976
654, 0.0069952686
654, 0.006877244
654, 0.0063922484
654, 0.0063691386
655, 0.006829449
655, 0.0063582985
655, 0.0066886274
655, 0.0063994406
655, 0.006371122
655, 0.0060560117
655, 0.006339902
655, 0.0062066456
656, 0.0056147175
656, 0.0050107734
656, 0.0059185512
656, 0.0051818513
656, 0.0055490085
656, 0.0050610537
656, 0.0057601877
656, 0.005139601
657, 0.0044599944
657, 0.0040818066
657, 0.004596729
657, 0.004244515
657, 0.004434344
657, 0.0039119045
657, 0.004575627
657, 0.004079136
658, 0.0037210716
658, 0.0034800014
658, 0.0036900623
658, 0.0033859676
658, 0.0036781568
658, 0.0035786484
658, 0.0035794424
658, 0.0034169191
659, 0.003196908
659, 0.003154369
659, 0.0030873315
659, 0.0030608666
659, 0.00330073
659, 0.0032291224
659, 0.0032610716
659, 0.0032055536
660, 0.0030622694
660, 0.0032658074
660, 0.0029768853
660, 0.0030866854
660, 0.003161987
660, 0.0034236074
660, 0.0031674344
660, 0.0033353139
661, 0.00334542
661, 0.0036967262
661, 0.0035109767
661, 0.003923739
661, 0.0037676285
661, 0.0041558556
661, 0.0039130165
661, 0.0043627154
662, 0.004039005
662, 0.0041711773
662, 0.0039205593
662, 0.0038651156
662, 0.004839578
662, 0.005077809
662, 0.004555549
662, 0.004605929
663, 0.004343316
663, 0.0047194613
663, 0.0039925575
663, 0.004297481
663, 0.005037146
663, 0.005460595
663, 0.0047978177
663, 0.005150055
664, 0.004472132
664, 0.0038195401
664, 0.0042550373
664, 0.0037520817
664, 0.0049709403
664, 0.00408756
664, 0.0048459303
664, 0.0041121314
665, 0.0037195997
665, 0.003906692
665, 0.003601362
665, 0.0037633062
665, 0.00403414
665, 0.0043384503
665, 0.0038720602
665, 0.0041512004
666, 0.0042976597
666, 0.005015098
666, 0.004188494
666, 0.004877605
666, 0.0047076414
666, 0.0051226486
666, 0.0046390127
666, 0.0050257402
667, 0.005093643
667, 0.0044865655
667, 0.005170289
667, 0.0046548476
667, 0.004888371
667, 0.004178531
667, 0.004936445
667, 0.004318202
668, 0.004062621
668, 0.0037440474
668, 0.0041521173
668, 0.0038671084
668, 0.00397408
668, 0.004073184
668, 0.004136875
668, 0.0042695883
669, 0.0033424331
669, 0.0029373604
669, 0.0034379584
669, 0.0030659528
669, 0.0038179518
669, 0.003341019
669, 0.0039610653
669, 0.0035171784
670, 0.0027342555
670, 0.0029859592
670, 0.0029420676
670, 0.0031473187
670, 0.0032239293
670, 0.0034675624
670, 0.0033791328
670, 0.003576276
671, 0.0030899288
671, 0.0030571271
671, 0.0032437162
671, 0.0031999892
671, 0.0036074177
671, 0.0035656567
671, 0.00370667
671, 0.0036539838
672, 0.0035163197
672, 0.0035768722
672, 0.0035250897
672, 0.0035834112
672, 0.0034023176
672, 0.0034413158
672, 0.0035390975
672, 0.0035759
673, 0.00326938
673, 0.002915108
673, 0.003343146
673, 0.0030401347
673, 0.0031282906
673, 0.0026047577
673, 0.0032587578
673, 0.0027864433
674, 0.0027042718
674, 0.0024231658
674, 0.0025892693
674, 0.0021505076
674, 0.0024600527
674, 0.002446431
674, 0.0021848078
674, 0.002013515
675, 0.0026623046
675, 0.0030496032
675, 0.0023752723
675, 0.00280314
675, 0.0026480225
675, 0.0031552669
675, 0.002261411
675, 0.0028091548
676, 0.003407693
676, 0.003549388
676, 0.0033320254
676, 0.0034381184
676, 0.0035764189
676, 0.0037133212
676, 0.0037245746
676, 0.0038258547
677, 0.003585415
677, 0.0034698723
677, 0.0035089508
677, 0.003291043
677, 0.0038191471
677, 0.003790061
677, 0.0036348293
677, 0.003503359
678, 0.003567735
678, 0.0037108653
678, 0.0030992252
678, 0.003409662
678, 0.003660891
678, 0.0035591852
678, 0.0033297883
678, 0.003395431
679, 0.0035796885
679, 0.0036027986
679, 0.003555812
679, 0.0035949075
679, 0.0035402193
679, 0.0036224641
679, 0.003480674
679, 0.003578895
680, 0.0034838787
680, 0.003423313
680, 0.003516718
680, 0.0035147273
680, 0.0035017082
680, 0.0033883068
680, 0.0035296641
680, 0.0034748365
681, 0.0033876218
681, 0.0033487356
681, 0.0034883798
681, 0.0034016215
681, 0.0032991695
681, 0.0032793474
681, 0.003341832
681, 0.003274153
682, 0.0034300392
682, 0.0035245258
682, 0.003497471
682, 0.0036041746
682, 0.0033777237
682, 0.003413493
682, 0.0033653637
682, 0.0034133499
683, 0.0029281133
683, 0.002847527
683, 0.002572078
683, 0.0024302201
683, 0.0029592577
683, 0.00298315
683, 0.0025591776
683, 0.0025217375
684, 0.002545732
684, 0.002314968
684, 0.0022075002
684, 0.0020549712
684, 0.0026922766
684, 0.0025007771
684, 0.0022866803
684, 0.0021734415
685, 0.0025263678
685, 0.0029173605
685, 0.0024434025
685, 0.002940938
685, 0.002425643
685, 0.0025756296
685, 0.0024212906
685, 0.0026778067
686, 0.0033184919
686, 0.0031537714
686, 0.0033048668
686, 0.003046941
686, 0.0028660847
686, 0.0029090336
686, 0.002925261
686, 0.002875034
687, 0.0029854355
687, 0.0028413103
687, 0.0027116458
687, 0.0026042564
687, 0.0031937747
687, 0.002988391
687, 0.0028199004
687, 0.0026513084
688, 0.00290494
688, 0.0029059446
688, 0.0027733997
688, 0.0027856163
688, 0.0026098008
688, 0.0024606076
688, 0.002510165
688, 0.0023721862
689, 0.003007204
689, 0.0033322987
689, 0.0028310015
689, 0.0031209232
689, 0.002744794
689, 0.0033054424
689, 0.0025617504
689, 0.00308719
690, 0.0034011775
690, 0.003374571
690, 0.0031602809
690, 0.003099506
690, 0.0034219911
690, 0.0034331512
690, 0.0031851034
690, 0.0031620893
691, 0.0031771257
691, 0.0032879177
691, 0.00297427
691, 0.0031787413
691, 0.003297883
691, 0.0034329772
691, 0.0031032462
691, 0.0033320328
692, 0.0033356738
692, 0.0033343772
692, 0.0033207138
692, 0.003303698
692, 0.003299232
692, 0.0031528145
692, 0.0032282404
692, 0.0030661288
693, 0.0033800646
693, 0.0032003133
693, 0.0031488708
693, 0.0028821088
693, 0.0031777916
693, 0.0029466886
693, 0.0030253695
693, 0.0027072509
694, 0.0017695203
694, 0.0016956881
694, 0.0017003613
694, 0.0015982881
694, 0.0019204764
694, 0.0018486833
694, 0.0017942932
694, 0.0016942578
695, 0.0019768593
695, 0.0023713126
695, 0.0017395869
695, 0.0020668707
695, 0.002037612
695, 0.0023123098
695, 0.0018096875
695, 0.0020172321
696, 0.0027028294
696, 0.002791355
696, 0.0025596218
696, 0.0025883862
696, 0.0026126208
696, 0.002885243
696, 0.0023654772
696, 0.0025783088
697, 0.0027176968
697, 0.002222864
697, 0.0022174
697, 0.0018604678
697, 0.0027994658
697, 0.002243982
697, 0.002329119
697, 0.0019115378
698, 0.00184881
698, 0.0019502459
698, 0.0016655877
698, 0.0017799474
698, 0.0019654804
698, 0.0020270247
698, 0.0017276732
698, 0.0018021471
699, 0.0020702109
699, 0.002059709
699, 0.0018419976
699, 0.0018780419
699, 0.0019869357
699, 0.0019303228
699, 0.0018571485
699, 0.0018470885
700, 0.002047013
700, 0.0022647735
700, 0.0019947514
700, 0.0021740983
700, 0.0019650483
700, 0.002204307
700, 0.0018956873
700, 0.0020965287
701, 0.0026052522
701, 0.0029365248
701, 0.002502269
701, 0.0028031762
701, 0.0025385052
701, 0.0028865072
701, 0.002465421
701, 0.002783064
702, 0.0031328227
702, 0.0032797907
702, 0.002947253
702, 0.0029652745
702, 0.0031385494
702, 0.003298465
702, 0.0029819692
702, 0.0030129289
703, 0.0031812564
703, 0.0029288933
703, 0.0028286856
703, 0.0026608692
703, 0.002976001
703, 0.0027003002
703, 0.002665873
703, 0.0024746712
704, 0.0024665287
704, 0.0020174298
704, 0.0022915457
704, 0.0019136921
704, 0.0024661564
704, 0.002069428
704, 0.002284771
704, 0.0019592913
705, 0.0022505189
705, 0.002181444
705, 0.0023302124
705, 0.0022230342
705, 0.0020961761
705, 0.0020462093
705, 0.0021921718
705, 0.002104099
706, 0.0022725835
706, 0.0022429775
706, 0.002299682
706, 0.0023034792
706, 0.0022058866
706, 0.0023013914
706, 0.0021789921
706, 0.0023079028
707, 0.0024951333
707, 0.002439753
707, 0.002201958
707, 0.002240057
707, 0.002421136
707, 0.0023510677
707, 0.0021740976
707, 0.0021974868
708, 0.002218282
708, 0.002272546
708, 0.0022111428
708, 0.002195544
708, 0.0022242984
708, 0.0022292363
708, 0.0022431025
708, 0.00217818
709, 0.0020599714
709, 0.0018610121
709, 0.002021357
709, 0.0018100074
709, 0.0020073897
709, 0.0018154052
709, 0.0019655465
709, 0.0017611727
710, 0.0017575269
710, 0.0018511304
710, 0.0015891634
710, 0.0016598972
710, 0.0017932412
710, 0.0019068585
710, 0.0015972828
710, 0.0016880195
711, 0.0017773067
711, 0.0017552031
711, 0.0017175041
711, 0.0016930962
711, 0.0017705373
711, 0.0017796028
711, 0.0017382918
711, 0.0017450538
712, 0.0017982033
712, 0.0020219216
712, 0.0017925953
712, 0.0021250392
712, 0.0018130204
712, 0.0019323993
712, 0.0017620593
712, 0.0019901395
713, 0.002308649
713, 0.0025388612
713, 0.0023447422
713, 0.0026133205
713, 0.0022075758
713, 0.0023987878
713, 0.002190645
713, 0.0024202077
714, 0.0027459515
714, 0.0027289703
714, 0.0027761532
714, 0.0026752688
714, 0.0024635247
714, 0.0025174257
714, 0.0025709185
714, 0.00254094
715, 0.002512191
715, 0.0023024823
715, 0.0026376408
715, 0.002383337
715, 0.0024215241
715, 0.0021459353
715, 0.002537323
715, 0.0022171414
716, 0.003049565
716, 0.0026018608
716, 0.0033218449
716, 0.002779812
716, 0.0031471655
716, 0.0026822567
716, 0.0033604002
716, 0.0028012027
717, 0.0023722919
717, 0.0021470222
717, 0.0024232208
717, 0.0021598537
717, 0.002368023
717, 0.0021208348
717, 0.0023870738
717, 0.0021018006
718, 0.0017868631
718, 0.0016745003
718, 0.0016643218
718, 0.001573537
718, 0.0017334437
718, 0.0015783906
718, 0.0016677742
718, 0.0015343094
719, 0.0015040252
719, 0.0015175967
719, 0.0013758339
719, 0.0013555099
719, 0.001477919
719, 0.0015326889
719, 0.0013518576
719, 0.0013727249
720, 0.001692807
720, 0.0018221909
720, 0.0016021052
720, 0.0017526599
720, 0.0016415984
720, 0.0016982581
720, 0.0014953454
720, 0.0015731733
721, 0.0018615313
721, 0.0018800019
721, 0.0018220267
721, 0.001839169
721, 0.0017715279
721, 0.001808922
721, 0.0017187158
721, 0.0017547801
722, 0.0019524953
722, 0.0020762433
722, 0.0019105448
722, 0.0019812437
722, 0.0019096958
722, 0.0020468473
722, 0.0019153088
722, 0.0019994045
723, 0.0021745195
723, 0.0023598452
723, 0.0020964653
723, 0.002307762
723, 0.0020764861
723, 0.0023423769
723, 0.0019895497
723, 0.002281397
724, 0.0022211976
724, 0.0021935296
724, 0.0020736794
724, 0.0020749143
724, 0.0023179308
724, 0.0024036118
724, 0.0021964004
724, 0.0023109838
725, 0.0022914314
725, 0.0025066645
725, 0.0022006163
725, 0.0024723362
725, 0.0025686726
725, 0.0027544557
725, 0.0025383278
725, 0.002780623
726, 0.0028815346
726, 0.0030088092
726, 0.0030639963
726, 0.0032578325
726, 0.0030571893
726, 0.0031009638
726, 0.0032149984
726, 0.0033253273
727, 0.0029722834
727, 0.002947978
727, 0.0029068198
727, 0.0027479825
727, 0.0030567118
727, 0.0031292886
727, 0.0029865142
727, 0.0029245191
728, 0.0025997981
728, 0.0022584414
728, 0.002524757
728, 0.002234666
728, 0.002561738
728, 0.002220226
728, 0.002518796
728, 0.0022285148
729, 0.0018802889
729, 0.001608652
729, 0.0019400043
729, 0.0017578516
729, 0.0020094786
729, 0.0017183031
729, 0.0020394619
729, 0.0018377776
730, 0.0014569034
730, 0.001526029
730, 0.0015985713
730, 0.0016172415
730, 0.0016177329
730, 0.0017371692
730, 0.0018013332
730, 0.0018703141
731, 0.0016079984
731, 0.0017475706
731, 0.0017038969
731, 0.001888664
731, 0.0018706945
731, 0.0019663314
731, 0.0019444949
731, 0.0020853332
732, 0.0019564894
732, 0.002002775
732, 0.002095093
732, 0.0021367345
732, 0.0021436329
732, 0.0021503887
732, 0.002304552
732, 0.0023066553
733, 0.0022204793
733, 0.0021823656
733, 0.0023353305
733, 0.0022725647
733, 0.0021102298
733, 0.0020606236
733, 0.0022512802
733, 0.00217703
734, 0.0021177796
734, 0.0022069882
734, 0.0021839135
734, 0.002285881
734, 0.0021779859
734, 0.00236604
734, 0.0023042883
734, 0.0025051236
735, 0.00227008
735, 0.002537942
735, 0.0024928513
735, 0.0027226314
735, 0.0026730436
735, 0.002978397
735, 0.002826315
735, 0.00309355
736, 0.0028212236
736, 0.0029109598
736, 0.0028658651
736, 0.0029442327
736, 0.0031462412
736, 0.0031234391
736, 0.0031346169
736, 0.003100437
737, 0.0031021775
737, 0.0030760441
737, 0.0030613032
737, 0.0031000627
737, 0.0031654595
737, 0.0030831383
737, 0.003124311
737, 0.0031068837
738, 0.0011321
738, 0.0013186239
738, 0.0013031384
738, 0.0013898622
738, 0.0011702324
738, 0.0014250346
738, 0.0012978653
738, 0.0014528666
739, 0.0015341367
739, 0.0015670765
739, 0.0016578165
739, 0.001750901
739, 0.001479965
739, 0.0014337479
739, 0.0016908096
739, 0.001704719
740, 0.0015972328
740, 0.0016348558
740, 0.0018272385
740, 0.0018432286
740, 0.0015217114
740, 0.0016639859
740, 0.0017247983
740, 0.0018454598
741, 0.0016882762
741, 0.0016677598
741, 0.0018197425
741, 0.0017651344
741, 0.001926351
741, 0.0020100297
741, 0.0020164629
741, 0.0020660495
742, 0.0016769998
742, 0.0017150383
742, 0.0017579455
742, 0.0017846394
742, 0.0020281207
742, 0.0020508843
742, 0.0021074698
742, 0.0021188841
743, 0.0018530673
743, 0.0020043682
743, 0.0019340834
743, 0.002122104
743, 0.0022322168
743, 0.0023917852
743, 0.002274071
743, 0.0024703727
744, 0.0021656181
744, 0.0020311254
744, 0.0022088082
744, 0.0020992195
744, 0.0023533402
744, 0.0021190508
744, 0.0025422766
744, 0.0023328608
745, 0.0017660141
745, 0.001818592
745, 0.001984261
745, 0.0020367398
745, 0.0019411034
745, 0.0019348786
745, 0.0021653168
745, 0.0021589843
746, 0.0018434351
746, 0.0017739482
746, 0.0018585805
746, 0.001789278
746, 0.0018798205
746, 0.001726578
746, 0.0017791598
746, 0.0016261152
747, 0.001462069
747, 0.0012915942
747, 0.0016029424
747, 0.0014168244
747, 0.001376613
747, 0.0012212865
747, 0.0015567569
747, 0.0013857841
748, 0.001100906
748, 0.0009968248
748, 0.0012363285
748, 0.001192964
748, 0.0010205238
748, 0.0009526607
748, 0.0011461669
748, 0.0011390197
749, 0.0038078693
749, 0.0034496845
749, 0.004027008
749, 0.0036756764
749, 0.0035995122
749, 0.0031845146
749, 0.0038486132
749, 0.00344044
750, 0.0027568396
750, 0.0020786466
750, 0.0029991055
750, 0.0022362825
750, 0.0025258197
750, 0.0019478853
750, 0.0027881647
750, 0.0021256143
751, 0.0015802028
751, 0.0017355734
751, 0.001804598
751, 0.0020378449
751, 0.0013852133
751, 0.0014688091
751, 0.0017193246
751, 0.0018807898
752, 0.0016314723
752, 0.0015215519
752, 0.0022532314
752, 0.0021908167
752, 0.0014059712
752, 0.0013331369
752, 0.0019767478
752, 0.0019514263
753, 0.0015042941
753, 0.0014907027
753, 0.0021174233
753, 0.0020827304
753, 0.0014315085
753, 0.0016151968
753, 0.0019915919
753, 0.0021542602
754, 0.0019513696
754, 0.0023568664
754, 0.002302321
754, 0.0026921267
754, 0.0021092414
754, 0.002430802
754, 0.0023999114
754, 0.0027057487
755, 0.0031881167
755, 0.0037020268
755, 0.003270137
755, 0.0037434234
755, 0.0033540055
755, 0.0039226105
755, 0.0034203732
755, 0.0039483374
756, 0.00397181
756, 0.0038038855
756, 0.003993565
756, 0.003790895
756, 0.0041388352
756, 0.0038988474
756, 0.0041408115
756, 0.0038660727
757, 0.0034358082
757, 0.003213921
757, 0.003566419
757, 0.0033518511
757, 0.0032461695
757, 0.0028930819
757, 0.003312752
757, 0.002966982
758, 0.0031097117
758, 0.0034313113
758, 0.0032364307
758, 0.003598635
758, 0.0030002552
758, 0.0033698129
758, 0.0031803106
758, 0.0035905067
759, 0.003726352
759, 0.0038797907
759, 0.0039448896
759, 0.0041148327
759, 0.0035775765
759, 0.0037095188
759, 0.0038465378
759, 0.0039949943
760, 0.004507414
760, 0.0045374664
760, 0.004460599
760, 0.004607301
760, 0.0040269378
760, 0.0039009445
760, 0.004004617
760, 0.003995234
761, 0.0048998096
761, 0.00520219
761, 0.0052814493
761, 0.0056085903
761, 0.00433581
761, 0.0050689457
761, 0.0046523255
761, 0.005410312
762, 0.0054852976
762, 0.0056449356
762, 0.005892469
762, 0.006061527
762, 0.0055652102
762, 0.0056273695
762, 0.0060262745
762, 0.0060978443
763, 0.005920271
763, 0.0061701387
763, 0.0060513574
763, 0.006262187
763, 0.005651786
763, 0.005658502
763, 0.0059439316
763, 0.0059115896
764, 0.0060755066
764, 0.00569761
764, 0.006371815
764, 0.00598105
764, 0.0053419285
764, 0.0049228584
764, 0.0054035774
764, 0.004971728
765, 0.0051971637
765, 0.004824119
765, 0.00526615
765, 0.0049674776
765, 0.004548149
765, 0.004440567
765, 0.0045510903
765, 0.0045178477
766, 0.0042947587
766, 0.003999445
766, 0.0046056197
766, 0.004243701
766, 0.0042020753
766, 0.0039499323
766, 0.004485999
766, 0.0041672685
767, 0.0040492946
767, 0.003955162
767, 0.0040050535
767, 0.0037915076
767, 0.0040001296
767, 0.0039243875
767, 0.0040122573
767, 0.0038170621
768, 0.004089317
768, 0.004292248
768, 0.004128521
768, 0.004350396
768, 0.0037223566
768, 0.0037190462
768, 0.003826546
768, 0.0038421617
769, 0.0042148503
769, 0.004186023
769, 0.0041259667
769, 0.0040541957
769, 0.0039508115
769, 0.0039402996
769, 0.003860379
769, 0.0038069142
770, 0.0042506284
770, 0.004474893
770, 0.0039732275
770, 0.0042345747
770, 0.003911579
770, 0.0041038324
770, 0.0036674398
770, 0.0038967943
771, 0.0037629625
771, 0.0041518887
771, 0.0037472944
771, 0.004112621
771, 0.003822412
771, 0.0044804486
771, 0.0038305928
771, 0.00446503
772, 0.0052903933
772, 0.006186744
772, 0.00533702
772, 0.0061282767
772, 0.005440682
772, 0.0060857045
772, 0.0054160682
772, 0.0059560207
773, 0.0064875567
773, 0.0062521263
773, 0.006313195
773, 0.0062366067
773, 0.0066516087
773, 0.0067113545
773, 0.0063942494
773, 0.006612825
774, 0.005893579
774, 0.005947969
774, 0.005860137
774, 0.0058404463
774, 0.006297873
774, 0.005858887
774, 0.0061744438
774, 0.005661432
775, 0.0063686306
775, 0.006415723
775, 0.0060488605
775, 0.006160128
775, 0.0055624563
775, 0.0056943297
775, 0.005400355
775, 0.0055963327
776, 0.005942834
776, 0.005764791
776, 0.00604621
776, 0.005801355
776, 0.0054315706
776, 0.0051044314
776, 0.0055828122
776, 0.0051888954
777, 0.0053872005
777, 0.0049916855
777, 0.0053728647
777, 0.0050190985
777, 0.005002134
777, 0.004904141
777, 0.005007199
777, 0.0049509467
778, 0.0045279013
778, 0.0039220024
778, 0.004749991
778, 0.00430294
778, 0.0046998425
778, 0.004299226
778, 0.0048975865
778, 0.0046559423
779, 0.003887503
779, 0.003977131
779, 0.004089238
779, 0.0041337563
779, 0.0042369324
779, 0.0045859534
779, 0.0045727235
779, 0.004876685
780, 0.0037658701
780, 0.0035009978
780, 0.004005665
780, 0.0037162802
780, 0.004594302
780, 0.00410686
780, 0.004746633
780, 0.004234663
781, 0.0032026395
781, 0.0034063456
781, 0.0034649884
781, 0.0035838573
781, 0.003600519
781, 0.0035093273
781, 0.003835999
781, 0.003659886
782, 0.0047450745
782, 0.0049286983
782, 0.0048158974
782, 0.0049405503
782, 0.0057714297
782, 0.005415251
782, 0.0058437395
782, 0.005428526
783, 0.0052265516
783, 0.0050834366
783, 0.004823575
783, 0.0048151705
783, 0.0050979685
783, 0.00452261
783, 0.004848189
783, 0.0044075106
784, 0.0049333945
784, 0.0054466333
784, 0.004975932
784, 0.00521581
784, 0.0043701045
784, 0.004853971
784, 0.0043845316
784, 0.00459514
785, 0.005235321
785, 0.004598092
785, 0.005081102
785, 0.0045915637
785, 0.004807145
785, 0.004700497
785, 0.004548464
785, 0.0045894445
786, 0.0044768597
786, 0.0048243133
786, 0.004347164
786, 0.004740241
786, 0.004545992
786, 0.004658257
786, 0.004553686
786, 0.0047116363
787, 0.0049596555
787, 0.0050748717
787, 0.0050257873
787, 0.0051355204
787, 0.0047654323
787, 0.004901194
787, 0.0048776334
787, 0.0050079166
788, 0.0048142937
788, 0.004204909
788, 0.004921336
788, 0.0042661238
788, 0.0048082424
788, 0.0042242943
788, 0.0048762746
788, 0.004246527
789, 0.003965509
789, 0.0042066677
789, 0.004017295
789, 0.0042403326
789, 0.0039416347
789, 0.003998228
789, 0.0039526285
789, 0.003991088
790, 0.0041505587
790, 0.0037836968
790, 0.004074458
790, 0.0037003935
790, 0.0039635226
790, 0.0038266093
790, 0.003809813
790, 0.0036656994
791, 0.0038620837
791, 0.0040509915
791, 0.0037534558
791, 0.0039966614
791, 0.0039711357
791, 0.004345745
791, 0.003812938
791, 0.0042418228
792, 0.0043841195
792, 0.0045507373
792, 0.004389213
792, 0.004582615
792, 0.0049867057
792, 0.00558247
792, 0.004992915
792, 0.005615491
793, 0.003003982
793, 0.0029447223
793, 0.00304093
793, 0.0030677454
793, 0.0025635797
793, 0.0026746462
793, 0.002432772
793, 0.0026298687
794, 0.0027615393
794, 0.0023906063
794, 0.0028689294
794, 0.0023813117
794, 0.0026436574
794, 0.002540644
794, 0.002702744
794, 0.0024830666
795, 0.0024077813
795, 0.0023330536
795, 0.0019240449
795, 0.0018757344
795, 0.002597411
795, 0.0024302157
795, 0.0022185857
795, 0.0020778244
796, 0.0027623053
796, 0.003425822
796, 0.0024195383
796, 0.0030628173
796, 0.0027038292
796, 0.0033691418
796, 0.0024688619
796, 0.0031140086
797, 0.0037062294
797, 0.003997824
797, 0.0038222645
797, 0.0040501393
797, 0.0037216078
797, 0.0039685015
797, 0.0036684196
797, 0.0038515434
798, 0.004129868
798, 0.00406644
798, 0.0038864848
798, 0.0038721343
798, 0.0041311723
798, 0.004188163
798, 0.003929855
798, 0.0040359115
799, 0.0038993983
799, 0.0036121327
799, 0.0037886351
799, 0.0036195912
799, 0.004081571
799, 0.0037420145
799, 0.0040147016
799, 0.0037933774
800, 0.0035225656
800, 0.0035500312
800, 0.0035221723
800, 0.003485871
800, 0.0036109227
800, 0.003547449
800, 0.0036502695
800, 0.0035230168
801, 0.0034005283
801, 0.0031879095
801, 0.0033573909
801, 0.00320825
801, 0.0032059497
801, 0.0027778232
801, 0.0031085652
801, 0.0027439077
802, 0.0029483244
802, 0.0029659248
802, 0.0029621609
802, 0.0029420129
802, 0.002471772
802, 0.0025134613
802, 0.0025716294
802, 0.0025755856
803, 0.0029370782
803, 0.003005301
803, 0.0028560727
803, 0.002883084
803, 0.0025871934
803, 0.002566629
803, 0.0025214194
803, 0.0024596534
804, 0.00278308
804, 0.002853712
804, 0.0025999388
804, 0.002615991
804, 0.00265469
804, 0.0028293608
804, 0.0025394107
804, 0.002659514
805, 0.0028105963
805, 0.0025059355
805, 0.0025720804
805, 0.002277119
805, 0.002964367
805, 0.0026881336
805, 0.0027242133
805, 0.0024576762
806, 0.002385531
806, 0.0025399306
806, 0.002464984
806, 0.0026646869
806, 0.002730445
806, 0.0028537451
806, 0.0027516466
806, 0.0029202604
807, 0.0027869719
807, 0.0029447924
807, 0.0028782464
807, 0.0030182172
807, 0.0029599185
807, 0.0030701815
807, 0.0030108462
807, 0.0031032483
808, 0.0033160162
808, 0.0032800527
808, 0.0030145077
808, 0.0028898176
808, 0.003283669
808, 0.0035307691
808, 0.0030695652
808, 0.0032278993
809, 0.0028417886
809, 0.0026890389
809, 0.0026699712
809, 0.0025485593
809, 0.0034060609
809, 0.0031092665
809, 0.00324236
809, 0.0029769342
810, 0.0026534586
810, 0.00310302
810, 0.0024565202
810, 0.0030135065
810, 0.002945628
810, 0.0031063056
810, 0.0027366371
810, 0.0030047933
811, 0.0032535181
811, 0.0031373962
811, 0.003218035
811, 0.0031159944
811, 0.0031484528
811, 0.003013974
811, 0.003097742
811, 0.0029773496
812, 0.0031394125
812, 0.0032161938
812, 0.0031986046
812, 0.0032418424
812, 0.0028062046
812, 0.002810906
812, 0.0029363097
812, 0.0029074827
813, 0.0031392868
813, 0.0030035053
813, 0.0030912252
813, 0.0029347623
813, 0.0029014156
813, 0.0028480312
813, 0.0028376451
813, 0.0027635782
814, 0.0028908846
814, 0.0027271342
814, 0.0028107911
814, 0.0026546125
814, 0.002805675
814, 0.0027459369
814, 0.002634771
814, 0.002582605
815, 0.0019271749
815, 0.0018974224
815, 0.0016325046
815, 0.001595606
815, 0.0017150687
815, 0.0018328022
815, 0.0014469757
815, 0.0015575323
816, 0.0021374854
816, 0.0022257902
816, 0.0018500761
816, 0.0020383315
816, 0.0021841836
816, 0.0023486547
816, 0.0019088559
816, 0.0021732668
817, 0.0026500926
817, 0.0030020906
817, 0.0025067918
817, 0.0028203486
817, 0.0028396503
817, 0.0031470861
817, 0.0026229024
817, 0.00289188
818, 0.0029914381
818, 0.0025597883
818, 0.0026726609
818, 0.0022015318
818, 0.0031187388
818, 0.0028288416
818, 0.0028206378
818, 0.0024912157
819, 0.0021559447
819, 0.0020378532
819, 0.0018454542
819, 0.0017930088
819, 0.002335964
819, 0.0019414284
819, 0.0021273377
819, 0.0017984699
820, 0.0018308522
820, 0.0018729033
820, 0.0016748642
820, 0.00168702
820, 0.0017460852
820, 0.0018205118
820, 0.0015460168
820, 0.0015905342
821, 0.0019401326
821, 0.0023145843
821, 0.0016830197
821, 0.0019798388
821, 0.0019403605
821, 0.0024197733
821, 0.0016376727
821, 0.002039396
822, 0.002737913
822, 0.0031177576
822, 0.0024782803
822, 0.00292247
822, 0.0029436839
822, 0.0034861902
822, 0.0026464658
822, 0.0032532895
823, 0.0034926957
823, 0.0035454172
823, 0.0033584822
823, 0.0034279143
823, 0.003937723
823, 0.0041256235
823, 0.0038386227
823, 0.004043236
824, 0.0032765712
824, 0.002863439
824, 0.0031475697
824, 0.002731027
824, 0.0038149557
824, 0.003064264
824, 0.003685765
824, 0.0029316947
825, 0.0023867239
825, 0.0020899163
825, 0.0022060226
825, 0.0018586118
825, 0.002313112
825, 0.0018743753
825, 0.0021369653
825, 0.0016476566
826, 0.0020928732
826, 0.0020677901
826, 0.0021799752
826, 0.0022003602
826, 0.0023776207
826, 0.0022736632
826, 0.0025024407
826, 0.0024439539
827, 0.0021951483
827, 0.0023379156
827, 0.0022029274
827, 0.0023629603
827, 0.0022926235
827, 0.0022976683
827, 0.0022318633
827, 0.0022541643
828, 0.002440805
828, 0.0023381424
828, 0.002229495
828, 0.0020906539
828, 0.0022850959
828, 0.0020805292
828, 0.00209796
828, 0.001857235
829, 0.0021436485
829, 0.002009705
829, 0.0020264452
829, 0.00189539
829, 0.0019108389
829, 0.0017789284
829, 0.0017798129
829, 0.0016507924
830, 0.0018156051
830, 0.0016804611
830, 0.0017286644
830, 0.0016032516
830, 0.0016889089
830, 0.0016577436
830, 0.001572011
830, 0.0015505705
831, 0.0016696266
831, 0.0017765325
831, 0.0014760351
831, 0.0015591003
831, 0.0016001976
831, 0.0016717265
831, 0.0014491534
831, 0.0014968528
832, 0.0017187789
832, 0.0017724341
832, 0.0016708437
832, 0.0016992637
832, 0.0015790386
832, 0.0016496786
832, 0.0014957293
832, 0.0015411335
833, 0.0017784463
833, 0.0018848198
833, 0.0016120701
833, 0.0017012861
833, 0.0016556348
833, 0.0016956002
833, 0.0014657871
833, 0.0014886033
834, 0.001994575
834, 0.0021728065
834, 0.0016810073
834, 0.0018579721
834, 0.001834105
834, 0.0019527596
834, 0.0015188683
834, 0.0016362696
835, 0.002395652
835, 0.0025040945
835, 0.0022462662
835, 0.0023913223
835, 0.0022499636
835, 0.002658632
835, 0.0021048735
835, 0.0025501319
836, 0.0025628833
836, 0.0022634168
836, 0.002589717
836, 0.0022818933
836, 0.0027771946
836, 0.002534315
836, 0.0028676337
836, 0.00261637
837, 0.003158564
837, 0.00291949
837, 0.0031791034
837, 0.0030634203
837, 0.0033059805
837, 0.003043908
837, 0.0033306389
837, 0.003191984
838, 0.0025198709
838, 0.0022747223
838, 0.0026144527
838, 0.0022784828
838, 0.0024413357
838, 0.002194979
838, 0.00248585
838, 0.0021487281
839, 0.0019144374
839, 0.0015868483
839, 0.0018838507
839, 0.0015185345
839, 0.0019857294
839, 0.001744979
839, 0.0019619453
839, 0.0016834602
840, 0.0015329369
840, 0.0015910224
840, 0.0013823446
840, 0.0015173639
840, 0.0017030202
840, 0.0016787347
840, 0.0015616518
840, 0.0016143137
841, 0.0016085084
841, 0.0016607961
841, 0.0015546213
841, 0.0015744615
841, 0.0017109767
841, 0.0017507898
841, 0.0016833158
841, 0.0016906763
842, 0.0016978766
842, 0.0017253766
842, 0.0016541616
842, 0.0016364101
842, 0.0018027925
842, 0.0018349048
842, 0.0017595788
842, 0.0017464303
843, 0.001873899
843, 0.0019931518
843, 0.0018435188
843, 0.0019508288
843, 0.0017945911
843, 0.001822356
843, 0.0017035237
843, 0.0017193502
844, 0.0021009997
844, 0.0022677297
844, 0.0020270941
844, 0.0021971152
844, 0.0019548885
844, 0.0021272674
844, 0.0018799187
844, 0.0020555877
845, 0.0023579055
845, 0.0024887805
845, 0.002256257
845, 0.002405532
845, 0.0023916054
845, 0.0026278386
845, 0.0023679433
845, 0.002622598
846, 0.0027506105
846, 0.002997226
846, 0.002708361
846, 0.002979749
846, 0.002904157
846, 0.0031505097
846, 0.0028895186
846, 0.0031606578
847, 0.0033579178
847, 0.003368453
847, 0.0033695346
847, 0.0033515566
847, 0.0034993603
847, 0.0035182175
847, 0.0034703992
847, 0.0034607507
848, 0.0031875349
848, 0.0030088094
848, 0.003171816
848, 0.0029921532
848, 0.0029027131
848, 0.0027176328
848, 0.002978961
848, 0.0027929163
849, 0.0025760988
849, 0.0024971105
849, 0.0026810355
849, 0.0025135216
849, 0.002569995
849, 0.0025447418
849, 0.0026272202
849, 0.00251343
850, 0.0021737253
850, 0.0023220559
850, 0.0021433018
850, 0.002329857
850, 0.0023056555
850, 0.002743356
850, 0.002293025
850, 0.0027689731
851, 0.0020813937
851, 0.0020258073
851, 0.002235388
851, 0.0023131617
851, 0.0025442324
851, 0.0023234598
851, 0.002736331
851, 0.0026489352
852, 0.0021267303
852, 0.0021787116
852, 0.0023564277
852, 0.0023341055
852, 0.0023974464
852, 0.0024624239
852, 0.0026694676
852, 0.0026601106
853, 0.0023130137
853, 0.0024092023
853, 0.0025327834
853, 0.0026933928
853, 0.0025516702
853, 0.0026815708
853, 0.0028812184
853, 0.0030755922
854, 0.0026072515
854, 0.0023979894
854, 0.0027998055
854, 0.0024919796
854, 0.002918873
854, 0.002730817
854, 0.0030134616
854, 0.0027269025
855, 0.0025926214
855, 0.0026406026
855, 0.0027155115
855, 0.002810191
855, 0.0029280675
855, 0.0029152331
855, 0.0030108413
855, 0.0030447145
856, 0.0029222704
856, 0.0033199443
856, 0.003070788
856, 0.003427648
856, 0.0031413774
856, 0.0034678522
856, 0.003252212
856, 0.0035378432
857, 0.0033016994
857, 0.003263176
857, 0.0032503232
857, 0.00315655
857, 0.0035683643
857, 0.0034658469
857, 0.0034242892
857, 0.0032664991
858, 0.0032571754
858, 0.0030761904
858, 0.0031807995
858, 0.0030755447
858, 0.0032216897
858, 0.0029972706
858, 0.0031616536
858, 0.0030129515
859, 0.0012651789
859, 0.0014916557
859, 0.001476086
859, 0.0017506805
859, 0.0013494293
859, 0.0015605481
859, 0.0016277906
859, 0.001887032
860, 0.0016382715
860, 0.0015377466
860, 0.002072651
860, 0.0018136135
860, 0.0017517954
860, 0.0016585609
860, 0.0021733043
860, 0.0019215608
861, 0.0017074262
861, 0.0021252406
861, 0.0017444075
861, 0.002034271
861, 0.0018740895
861, 0.0023068863
861, 0.0018694618
861, 0.0021742652
862, 0.0022601404
862, 0.0025736513
862, 0.0020847763
862, 0.0024745478
862, 0.0025150448
862, 0.0029192332
862, 0.0023275507
862, 0.002808006
863, 0.0027042788
863, 0.0025804297
863, 0.0026849695
863, 0.002550125
863, 0.003173299
863, 0.0031980933
863, 0.003145712
863, 0.0031595035
864, 0.0027740349
864, 0.0031283011
864, 0.002726898
864, 0.0031430165
864, 0.0034865676
864, 0.003831734
864, 0.0034686914
864, 0.0038757832
865, 0.0031068332
865, 0.00254107
865, 0.0033220833
865, 0.002832506
865, 0.0034870927
865, 0.0027859276
865, 0.0037166572
865, 0.0030916343
866, 0.0022604552
866, 0.0020676174
866, 0.002501835
866, 0.0023368204
866, 0.0024457257
866, 0.002067797
866, 0.0025969853
866, 0.0022468655
867, 0.0017651105
867, 0.0016322036
867, 0.0017298661
867, 0.0015451371
867, 0.0017362346
867, 0.0015188596
867, 0.0018115963
867, 0.0015423915
868, 0.0012317562
868, 0.0010834093
868, 0.0013918926
868, 0.0012067158
868, 0.0011374832
868, 0.0010442834
868, 0.0012351183
868, 0.0011051061
869, 0.0010339732
869, 0.000986079
869, 0.0011305946
869, 0.0011784524
869, 0.0010316075
869, 0.0010965301
869, 0.0011341624
869, 0.0012948529
870, 0.0033082892
870, 0.0030781433
870, 0.0032285326
870, 0.0030875965
870, 0.0031411273
870, 0.0029687474
870, 0.0030946706
870, 0.0030115056
871, 0.0025426946
871, 0.001883817
871, 0.002676521
871, 0.0021836085
871, 0.0025092924
871, 0.0021710454
871, 0.002675558
871, 0.0025033264
872, 0.0015387925
872, 0.0015376911
872, 0.0020158694
872, 0.0018953128
872, 0.0018379256
872, 0.0016380491
872, 0.0022618931
872, 0.0019425233
873, 0.0015710439
873, 0.0017611231
873, 0.0018343235
873, 0.0017480755
873, 0.001728558
873, 0.002078521
873, 0.0019291489
873, 0.0020027552
874, 0.0019320142
874, 0.0019849536
874, 0.0018157609
874, 0.002043961
874, 0.0022714029
874, 0.0021059741
874, 0.002098173
874, 0.002108054
875, 0.0022273446
875, 0.0027059405
875, 0.0020895458
875, 0.0025345706
875, 0.0023171613
875, 0.0027000338
875, 0.0020920075
875, 0.0024412498
876, 0.0034004955
876, 0.0039312984
876, 0.003195603
876, 0.0039000427
876, 0.0031946527
876, 0.0038323174
876, 0.0031393685
876, 0.003950731
877, 0.004277045
877, 0.0039177234
877, 0.0042614816
877, 0.0038369452
877, 0.004083534
877, 0.0036625105
877, 0.004145785
877, 0.0036595422
878, 0.0032676128
878, 0.0028727888
878, 0.0031991226
878, 0.002715595
878, 0.0033398229
878, 0.0030284722
878, 0.0032826662
878, 0.0028825616
879, 0.0029397076
879, 0.0031878855
879, 0.0028692426
879, 0.003096097
879, 0.002846065
879, 0.0029069297
879, 0.0027743694
879, 0.0028139276
880, 0.0034381975
880, 0.0035818594
880, 0.0033492297
880, 0.003493295
880, 0.0031537903
880, 0.003330783
880, 0.003020576
880, 0.003197957
881, 0.003100711
881, 0.00335848
881, 0.0029244027
881, 0.0032532176
881, 0.002649953
881, 0.0033460113
881, 0.0025200816
881, 0.0032871976
882, 0.0039152466
882, 0.004801186
882, 0.0039544352
882, 0.0049530235
882, 0.0037942156
882, 0.0042860378
882, 0.0037134462
882, 0.004317748
883, 0.0051356587
883, 0.0049134274
883, 0.0055312975
883, 0.0054300507
883, 0.004300109
883, 0.003984636
883, 0.004596798
883, 0.0044021625
884, 0.0047204513
884, 0.00435946
884, 0.005186195
884, 0.0048875846
884, 0.0037623984
884, 0.0032268842
884, 0.004157339
884, 0.003684125
885, 0.0041182963
885, 0.003909124
885, 0.0043640044
885, 0.0040812036
885, 0.003113619
885, 0.0031826994
885, 0.003394421
885, 0.0033899697
886, 0.0036704873
886, 0.003831083
886, 0.0037905455
886, 0.0038429627
886, 0.0031488258
886, 0.0034172328
886, 0.0033620156
886, 0.003522289
887, 0.0037082348
887, 0.0036339343
887, 0.003769877
887, 0.0035782605
887, 0.0033523769
887, 0.0032362028
887, 0.0032728466
887, 0.0030393996
888, 0.0035533835
888, 0.0034448516
888, 0.0034542691
888, 0.0033416462
888, 0.0030691037
888, 0.0030431196
888, 0.0031226755
888, 0.0030925537
889, 0.003315454
889, 0.0030736171
889, 0.0034267027
889, 0.003229853
889, 0.003103389
889, 0.0028148806
889, 0.0032248655
889, 0.002981345
890, 0.0032176948
890, 0.003039295
890, 0.0031579444
890, 0.0029624042
890, 0.0026872815
890, 0.0024294504
890, 0.002645858
890, 0.002370892
891, 0.003068985
891, 0.0031596667
891, 0.0028774587
891, 0.0028767246
891, 0.0024169572
891, 0.0024307102
891, 0.0023007924
891, 0.002223187
892, 0.003683067
892, 0.0043373844
892, 0.004420489
892, 0.0048398864
892, 0.0043735257
892, 0.0043668817
892, 0.0050479877
892, 0.0048059975
893, 0.0050238096
893, 0.0056035537
893, 0.0053623077
893, 0.0056288936
893, 0.0043353643
893, 0.004485012
893, 0.0047029573
893, 0.004539709
894, 0.0061871274
894, 0.0063510328
894, 0.005956559
894, 0.00611259
894, 0.0049301926
894, 0.0054196906
894, 0.0047639855
894, 0.005245593
895, 0.0059936456
895, 0.0053944197
895, 0.0057653678
895, 0.0052688266
895, 0.0053531695
895, 0.0048406934
895, 0.0052779904
895, 0.0048680715
896, 0.0049932506
896, 0.005161654
896, 0.004982089
896, 0.005190349
896, 0.004614499
896, 0.0047129747
896, 0.004576043
896, 0.0047143586
897, 0.0047738254
897, 0.0043033105
897, 0.004995304
897, 0.004502705
897, 0.004431233
897, 0.003994734
897, 0.0045612114
897, 0.0041026725
898, 0.0042969235
898, 0.00446589
898, 0.0044707367
898, 0.0046985038
898, 0.0037998226
898, 0.0040883305
898, 0.0039956435
898, 0.0043429444
899, 0.004552002
899, 0.004367464
899, 0.0048423023
899, 0.0047443053
899, 0.0045409226
899, 0.004573842
899, 0.0046983515
899, 0.004817887
900, 0.004395874
900, 0.004687865
900, 0.004890069
900, 0.005361965
900, 0.0045644124
900, 0.0045177126
900, 0.0049926816
900, 0.0051257703
901, 0.004701448
901, 0.00420842
901, 0.005329047
901, 0.0048497915
901, 0.0044413516
901, 0.0044184155
901, 0.0052123796
901, 0.0052034045
902, 0.003886183
902, 0.0036062575
902, 0.004673635
902, 0.0044899946
902, 0.004387006
902, 0.00435322
902, 0.0051426087
902, 0.0052053123
903, 0.0058396845
903, 0.005356046
903, 0.005305766
903, 0.004914063
903, 0.004781337
903, 0.0047452617
903, 0.0042319545
903, 0.004287602
904, 0.0051094494
904, 0.0045430604
904, 0.0046141744
904, 0.0042948443
904, 0.0047544558
904, 0.004806031
904, 0.004400138
904, 0.0046985857
905, 0.004368859
905, 0.004464186
905, 0.0042961957
905, 0.0043561296
905, 0.004674658
905, 0.00445622
905, 0.004700814
905, 0.004446994
906, 0.004501007
906, 0.00478953
906, 0.004361848
906, 0.0046992986
906, 0.0045941323
906, 0.004904525
906, 0.0044086236
906, 0.004767926
907, 0.0047341115
907, 0.004692785
907, 0.004793064
907, 0.00471636
907, 0.0047506103
907, 0.004611324
907, 0.004782089
907, 0.0046074255
908, 0.004598651
908, 0.004681892
908, 0.004645938
908, 0.004797616
908, 0.004466965
908, 0.0044223224
908, 0.004489223
908, 0.0045129997
909, 0.0044672475
909, 0.004068056
909, 0.004565208
909, 0.0041260663
909, 0.004129617
909, 0.0038278347
909, 0.0042649964
909, 0.003923271
910, 0.003827375
910, 0.0037665563
910, 0.0038067573
910, 0.003628146
910, 0.0036461065
910, 0.003651452
910, 0.003574421
910, 0.0034620157
911, 0.004067854
911, 0.0043778913
911, 0.0036612756
911, 0.0036960884
911, 0.00428287
911, 0.0050888998
911, 0.0038974665
911, 0.0044279397
912, 0.004722806
912, 0.004914099
912, 0.00393311
912, 0.0042158305
912, 0.005506132
912, 0.005094359
912, 0.004637616
912, 0.004317684
913, 0.0052846177
913, 0.0058674333
913, 0.0047116852
913, 0.0052505406
913, 0.0048210947
913, 0.0047998372
913, 0.0041952822
913, 0.0041303597
914, 0.0022136932
914, 0.0023842747
914, 0.0022035283
914, 0.0022817783
914, 0.002354481
914, 0.0023880575
914, 0.0023752446
914, 0.002316475
915, 0.0024690924
915, 0.002601357
915, 0.002429134
915, 0.0025366186
915, 0.0024583582
915, 0.0026145747
915, 0.0023041626
915, 0.002435561
916, 0.0026454267
916, 0.002543934
916, 0.0023868184
916, 0.002268711
916, 0.002648332
916, 0.0026933178
916, 0.0024210582
916, 0.0024493982
917, 0.0027412982
917, 0.0034132795
917, 0.0025824027
917, 0.0032960451
917, 0.0028701506
917, 0.0033374715
917, 0.00271789
917, 0.0032268984
918, 0.0036665185
918, 0.0038090795
918, 0.0037239003
918, 0.0039295275
918, 0.0034840372
918, 0.0036485232
918, 0.0035619645
918, 0.0037895115
919, 0.0039758147
919, 0.0041338326
919, 0.004071082
919, 0.0041802637
919, 0.0038353
919, 0.004007009
919, 0.0038725135
919, 0.0039953915
920, 0.004126405
920, 0.0038639526
920, 0.0041463384
920, 0.0038344753
920, 0.004017699
920, 0.003781927
920, 0.0039384104
920, 0.0036532802
921, 0.0035961755
921, 0.003290129
921, 0.0036218462
921, 0.0033538353
921, 0.0034580694
921, 0.0030527615
921, 0.0036364512
921, 0.003269083
922, 0.002886635
922, 0.0022389456
922, 0.0028730559
922, 0.002351673
922, 0.002827517
922, 0.0022377355
922, 0.0028853319
922, 0.0024218576
923, 0.0019942357
923, 0.0020521805
923, 0.0022415265
923, 0.0022033278
923, 0.0019459664
923, 0.0020278764
923, 0.002121907
923, 0.0021076805
924, 0.0021459141
924, 0.0021301804
924, 0.0021956137
924, 0.0022390513
924, 0.002046101
924, 0.0021565987
924, 0.0021250816
924, 0.002294755
925, 0.0026985265
925, 0.0027140607
925, 0.0027866059
925, 0.002827854
925, 0.0027447357
925, 0.0026777002
925, 0.0027479506
925, 0.0027066444
926, 0.0028057217
926, 0.0027454419
926, 0.0028679303
926, 0.00271673
926, 0.0026077102
926, 0.0025158864
926, 0.0027257856
926, 0.0025430562
927, 0.002719902
927, 0.0028220501
927, 0.0028232543
927, 0.0029315723
927, 0.0025747444
927, 0.002724556
927, 0.0026036077
927, 0.0027595886
928, 0.0029625183
928, 0.0032278807
928, 0.0030465438
928, 0.003247048
928, 0.0028889724
928, 0.003220891
928, 0.0029397637
928, 0.003206814
929, 0.0034366876
929, 0.0038187776
929, 0.0032815908
929, 0.0035893759
929, 0.0034202598
929, 0.0036625993
929, 0.0033359425
929, 0.003504014
930, 0.0038227376
930, 0.0034496353
930, 0.0036697832
930, 0.0032586628
930, 0.0035851565
930, 0.003440739
930, 0.0034660134
930, 0.0032835507
931, 0.0031908497
931, 0.0030332962
931, 0.00291901
931, 0.002908739
931, 0.0031421396
931, 0.002753643
931, 0.002941983
931, 0.0027007358
932, 0.0026882915
932, 0.002519084
932, 0.002620291
932, 0.0025419616
932, 0.0025806103
932, 0.0023505122
932, 0.0024872061
932, 0.002348007
933, 0.0022256293
933, 0.0021310698
933, 0.0024740486
933, 0.0024079739
933, 0.0020739823
933, 0.0019261115
933, 0.0022322387
933, 0.002112854
934, 0.0022923914
934, 0.002244655
934, 0.0024616518
934, 0.0024211754
934, 0.0018934472
934, 0.0019719305
934, 0.0021130212
934, 0.0021987706
935, 0.0024590355
935, 0.002596502
935, 0.00250602
935, 0.0026057658
935, 0.002277848
935, 0.0025452278
935, 0.002350019
935, 0.002579694
936, 0.00190531
936, 0.002011201
936, 0.0018333886
936, 0.0019392881
936, 0.002257469
936, 0.0023333933
936, 0.0022193152
936, 0.0022952454
937, 0.002442088
937, 0.002615425
937, 0.0023121005
937, 0.0024174033
937, 0.0027945063
937, 0.0028662488
937, 0.0027149627
937, 0.0027186447
938, 0.0030967789
938, 0.0032441907
938, 0.0027783068
938, 0.0029394827
938, 0.0031232953
938, 0.003046294
938, 0.0028406768
938, 0.002777486
939, 0.0031803872
939, 0.0030719165
939, 0.0028740622
939, 0.0027025628
939, 0.0029892803
939, 0.0030288112
939, 0.0027086586
939, 0.0026851362
940, 0.002631648
940, 0.0022678184
940, 0.0023367843
940, 0.0019394992
940, 0.0028286271
940, 0.0026449154
940, 0.002451571
940, 0.0022343716
941, 0.0020394623
941, 0.0019068514
941, 0.0016376369
941, 0.0015912196
941, 0.002289467
941, 0.0019948087
941, 0.0018895414
941, 0.0016811179
942, 0.0020659072
942, 0.00256987
942, 0.0017548075
942, 0.0022423177
942, 0.0021574406
942, 0.0027628588
942, 0.0018831732
942, 0.0024721401
943, 0.003080278
943, 0.003686942
943, 0.0028323762
943, 0.0034847965
943, 0.0033469684
943, 0.0037140113
943, 0.003076146
943, 0.0034889854
944, 0.0040325164
944, 0.004206631
944, 0.003955396
944, 0.00414248
944, 0.0038215409
944, 0.0037409342
944, 0.0036470075
944, 0.0035793758
945, 0.0037559627
945, 0.0030377826
945, 0.0037070117
945, 0.003097544
945, 0.0033510162
945, 0.0030358857
945, 0.0033006233
945, 0.0030941986
946, 0.002336368
946, 0.0019481054
946, 0.0023897113
946, 0.0019148078
946, 0.0025187058
946, 0.0023102667
946, 0.0025913683
946, 0.0022962631
947, 0.0032472343
947, 0.0030445803
947, 0.0031836457
947, 0.003013374
947, 0.0038524934
947, 0.0035952718
947, 0.0037067553
947, 0.0034819478
948, 0.0029366727
948, 0.0026456614
948, 0.0026645386
948, 0.0024500801
948, 0.00352471
948, 0.0030805937
948, 0.0032034966
948, 0.0028360242
949, 0.0024370428
949, 0.002197583
949, 0.0021930528
949, 0.001955851
949, 0.002695379
949, 0.0023982907
949, 0.0024722463
949, 0.0021774222
950, 0.0019259182
950, 0.0018530302
950, 0.001760278
950, 0.0016816054
950, 0.0021313806
950, 0.0021079301
950, 0.0019507466
950, 0.0019215054
951, 0.0017489076
951, 0.0016468687
951, 0.0015903146
951, 0.0015496424
951, 0.0019278681
951, 0.0016659783
951, 0.0017318836
951, 0.001531377
952, 0.0014934376
952, 0.0015677008
952, 0.0014366414
952, 0.0015351861
952, 0.0014553386
952, 0.0015267761
952, 0.001419095
952, 0.0015148163
953, 0.0014268835
953, 0.0014873899
953, 0.0014499158
953, 0.001441128
953, 0.0014167175
953, 0.0013877499
953, 0.0014359436
953, 0.0013376832
954, 0.0015801421
954, 0.0016868906
954, 0.0013772915
954, 0.001320989
954, 0.0015578546
954, 0.001876594
954, 0.0013234889
954, 0.001479108
955, 0.0019866673
955, 0.002195687
955, 0.0015127799
955, 0.0017289954
955, 0.002221724
955, 0.0026605777
955, 0.0018326057
955, 0.0022786174
956, 0.0024977433
956, 0.0032171893
956, 0.0022512393
956, 0.0031086993
956, 0.003192768
956, 0.00391764
956, 0.0030490675
956, 0.0039121793
957, 0.003531949
957, 0.0032698235
957, 0.0036046023
957, 0.0032386952
957, 0.0041999603
957, 0.0039585563
957, 0.004261896
957, 0.003916659
958, 0.0036827165
958, 0.00330476
958, 0.0035973368
958, 0.0031894753
958, 0.0035928148
958, 0.0032594504
958, 0.0034493762
958, 0.00308614
959, 0.0027809069
959, 0.0025428198
959, 0.0026054578
959, 0.0025090738
959, 0.002976534
959, 0.0028267337
959, 0.0028356926
959, 0.0028276308
960, 0.0021658756
960, 0.0021161772
960, 0.0023074534
960, 0.0023837879
960, 0.002488483
960, 0.0025025534
960, 0.0026292854
960, 0.0027694327
961, 0.0020013817
961, 0.0018981477
961, 0.0022080215
961, 0.0020497474
961, 0.0023474228
961, 0.002165558
961, 0.0025706505
961, 0.0023337202
962, 0.0018919534
962, 0.001961338
962, 0.002056084
962, 0.0020879882
962, 0.0021000071
962, 0.0022126257
962, 0.0023345966
962, 0.0024097424
963, 0.0019994874
963, 0.002104532
963, 0.0020927766
963, 0.0021432086
963, 0.0023048013
963, 0.0023887244
963, 0.0023713554
963, 0.0024006546
964, 0.0021073036
964, 0.0020469218
964, 0.0021115723
964, 0.0019859853
964, 0.0024371238
964, 0.002400303
964, 0.0024515407
964, 0.0023494926
965, 0.00230257
965, 0.0023423268
965, 0.0022764164
965, 0.0023306347
965, 0.002706496
965, 0.0028747015
965, 0.0026912245
965, 0.0028738931
966, 0.002656905
966, 0.0029781747
966, 0.0027295873
966, 0.0031074358
966, 0.0032611904
966, 0.0035632262
966, 0.0033154236
966, 0.0036740557
967, 0.003049371
967, 0.0035207614
967, 0.0031114018
967, 0.00345026
967, 0.0037456362
967, 0.004067655
967, 0.0038005135
967, 0.003989872
968, 0.0038622022
968, 0.0036847915
968, 0.0036848087
968, 0.0035433457
968, 0.0041028755
968, 0.0038021728
968, 0.0038943118
968, 0.0036295995
969, 0.0034666697
969, 0.0034016161
969, 0.003334588
969, 0.0033067723
969, 0.004021077
969, 0.0040611383
969, 0.00386998
969, 0.003947283
970, 0.002946505
970, 0.0027823544
970, 0.002935265
970, 0.0029546723
970, 0.0035409965
970, 0.0031251612
970, 0.003618253
970, 0.0033860542
971, 0.00270529
971, 0.0029235121
971, 0.002913517
971, 0.0029590495
971, 0.0029641856
971, 0.0030942715
971, 0.0031806428
971, 0.0031379915
972, 0.0030474525
972, 0.0028876176
972, 0.0031408793
972, 0.0030328045
972, 0.0032665352
972, 0.0032525936
972, 0.003344784
972, 0.0033826295
973, 0.0029502928
973, 0.0031071445
973, 0.0030284568
973, 0.0031924048
973, 0.0033656473
973, 0.0035970008
973, 0.0033874612
973, 0.0036259054
974, 0.0032832243
974, 0.0034117678
974, 0.0034638182
974, 0.0034946583
974, 0.0038753068
974, 0.004017752
974, 0.0039133593
974, 0.0039580637
975, 0.0034851523
975, 0.0035876844
975, 0.0032576146
975, 0.0034025365
975, 0.0041332967
975, 0.0041778595
975, 0.003960303
975, 0.0040473244
976, 0.003545037
976, 0.0038838058
976, 0.0034334033
976, 0.0036376468
976, 0.0038548773
976, 0.0042080795
976, 0.0037446595
976, 0.003963339
977, 0.0042642
977, 0.00398256
977, 0.0040424024
977, 0.0038992274
977, 0.00440769
977, 0.0041968236
977, 0.0043040174
977, 0.0042314315
978, 0.0039505167
978, 0.0037845608
978, 0.003593579
978, 0.003342498
978, 0.0047926446
978, 0.0045030713
978, 0.004296962
978, 0.003922226
979, 0.0036386712
979, 0.0035303922
979, 0.0034348727
979, 0.0033559983
979, 0.00387658
979, 0.0038656453
979, 0.0037729286
979, 0.0037913662
980, 0.0016879656
980, 0.002030252
980, 0.0017421414
980, 0.002098151
980, 0.0018441426
980, 0.002222616
980, 0.0019437332
980, 0.0023359542
981, 0.0021073618
981, 0.0024344334
981, 0.0022144597
981, 0.0024854485
981, 0.0024720533
981, 0.0030043924
981, 0.00248391
981, 0.0029600612
982, 0.0024984041
982, 0.0022742492
982, 0.0024179204
982, 0.0022075733
982, 0.002998068
982, 0.0024100968
982, 0.0029792993
982, 0.0024050965
983, 0.0025626004
983, 0.0028838257
983, 0.002464587
983, 0.0027665547
983, 0.0025187826
983, 0.0027374777
983, 0.0024702111
983, 0.0026696688
984, 0.0032227384
984, 0.0035348774
984, 0.003173973
984, 0.0035910925
984, 0.0029481861
984, 0.0033132753
984, 0.0028845447
984, 0.0033545692
985, 0.003850137
985, 0.003934525
985, 0.0039908704
985, 0.004105162
985, 0.003613755
985, 0.003683217
985, 0.0037915446
985, 0.0038908927
986, 0.0036667308
986, 0.003489365
986, 0.0039135986
986, 0.0037586552
986, 0.003762063
986, 0.0038483168
986, 0.0038493467
986, 0.003957991
987, 0.0029691225
987, 0.0024891025
987, 0.0030124225
987, 0.002297027
987, 0.0031112116
987, 0.0024703708
987, 0.0032214152
987, 0.0023451666
988, 0.0019467399
988, 0.0013611092
988, 0.0017051751
988, 0.0012343324
988, 0.0017971343
988, 0.0011146442
988, 0.001666029
988, 0.0010982155
989, 0.0010976723
989, 0.0010507753
989, 0.000979648
989, 0.00093084405
989, 0.0010857622
989, 0.0011724642
989, 0.0008713914
989, 0.0009561741
990, 0.0012457424
990, 0.0013724992
990, 0.0012084135
990, 0.0013483879
990, 0.0013226412
990, 0.0014971314
990, 0.0012802014
990, 0.0014679082
991, 0.0026610952
991, 0.002606231
991, 0.0025194234
991, 0.002508735
991, 0.0022274049
991, 0.0022718862
991, 0.0020140868
991, 0.002102696
992, 0.0024406426
992, 0.0026889541
992, 0.002382983
992, 0.0025565743
992, 0.0021303862
992, 0.0025830546
992, 0.0020588473
992, 0.0024367967
993, 0.002549641
993, 0.00207796
993, 0.0024438582
993, 0.0020451313
993, 0.002770939
993, 0.0024798964
993, 0.0026071407
993, 0.002389111
994, 0.0021262653
994, 0.0023348185
994, 0.0021316516
994, 0.0023273786
994, 0.0024602555
994, 0.0024301007
994, 0.0023501264
994, 0.0023071384
995, 0.0023082371
995, 0.0023347752
995, 0.0022403542
995, 0.0021741544
995, 0.0021521084
995, 0.002173064
995, 0.002067354
995, 0.0019956003
996, 0.0023608059
996, 0.0024291896
996, 0.0019113601
996, 0.0020279551
996, 0.0022436786
996, 0.0022749382
996, 0.0018260102
996, 0.0019054869
997, 0.0028317405
997, 0.003729513
997, 0.0026589115
997, 0.0034976762
997, 0.0025474627
997, 0.0031792584
997, 0.002389027
997, 0.0029618903
998, 0.003996129
998, 0.0033855315
998, 0.0036990354
998, 0.003225246
998, 0.0035256806
998, 0.003171811
998, 0.0033199713
998, 0.003102799
999, 0.0030808167
999, 0.0027703492
999, 0.0029555548
999, 0.0026680296
999, 0.0029866542
999, 0.0026864114
999, 0.0029492234
999, 0.0026718979
1000, 0.0026287118
1000, 0.0025775142
1000, 0.0025957967
1000, 0.0024900557
1000, 0.0024021328
1000, 0.002197199
1000, 0.0023780193
1000, 0.0021185616
1001, 0.0026899038
1001, 0.0027392504
1001, 0.0025345574
1001, 0.0025524502
1001, 0.002260255
1001, 0.0022591657
1001, 0.0021462801
1001, 0.0021137462
1002, 0.002353971
1002, 0.0029903676
1002, 0.0027166405
1002, 0.003098158
1002, 0.0025498958
1002, 0.0029151398
1002, 0.0028938542
1002, 0.003004217
1003, 0.0035760195
1003, 0.0038565877
1003, 0.0034542596
1003, 0.0036808536
1003, 0.003355254
1003, 0.0034400064
1003, 0.0033059076
1003, 0.003336734
1004, 0.0036332489
1004, 0.0032858804
1004, 0.003640302
1004, 0.0034453694
1004, 0.0032233852
1004, 0.0028570767
1004, 0.003191803
1004, 0.0029778902
1005, 0.002978318
1005, 0.0027072907
1005, 0.003111851
1005, 0.0028421115
1005, 0.0025177165
1005, 0.0025291557
1005, 0.0026047216
1005, 0.0026174744
1006, 0.0024881947
1006, 0.002529361
1006, 0.0025237352
1006, 0.0025509396
1006, 0.0023657163
1006, 0.002244528
1006, 0.0024609847
1006, 0.0023258333
1007, 0.0025647446
1007, 0.0027574794
1007, 0.0026486884
1007, 0.0028150813
1007, 0.0023396667
1007, 0.0025566665
1007, 0.0024387012
1007, 0.0026293653
1008, 0.0029029818
1008, 0.0028543004
1008, 0.0027579516
1008, 0.0026274575
1008, 0.0027623766
1008, 0.0029030961
1008, 0.0027004222
1008, 0.0027593127
1009, 0.0025898337
1009, 0.002620453
1009, 0.0027141608
1009, 0.0028659021
1009, 0.0027957708
1009, 0.0027324362
1009, 0.002824081
1009, 0.002881883
1010, 0.0025375257
1010, 0.00237444
1010, 0.0028384218
1010, 0.002689078
1010, 0.0026682175
1010, 0.002600047
1010, 0.0028762342
1010, 0.0028218394
1011, 0.0023398628
1011, 0.0021101783
1011, 0.0025277806
1011, 0.0023789972
1011, 0.0025098233
1011, 0.0024276325
1011, 0.0027515886
1011, 0.0027503357
1012, 0.0019999805
1012, 0.001877939
1012, 0.002307256
1012, 0.0022466397
1012, 0.0024261044
1012, 0.0023077652
1012, 0.0027421385
1012, 0.0026852512
1013, 0.004449881
1013, 0.003809682
1013, 0.004311768
1013, 0.003737193
1013, 0.0034002666
1013, 0.002936777
1013, 0.0033585185
1013, 0.0029605138
1014, 0.0033788239
1014, 0.0033264435
1014, 0.0035029838
1014, 0.0035800769
1014, 0.0026990008
1014, 0.0026910189
1014, 0.0028168387
1014, 0.0029382806
1015, 0.0035671426
1015, 0.004152394
1015, 0.0037589285
1015, 0.0042895167
1015, 0.002824531
1015, 0.0032495894
1015, 0.003014368
1015, 0.0033847808
1016, 0.0042130398
1016, 0.0038768833
1016, 0.0044300165
1016, 0.004110348
1016, 0.0031451178
1016, 0.0029039534
1016, 0.003353744
1016, 0.0031290648
1017, 0.0035727464
1017, 0.0036285708
1017, 0.0036482657
1017, 0.0037016734
1017, 0.002799222
1017, 0.0028197502
1017, 0.0029231696
1017, 0.0029412834
1018, 0.00348537
1018, 0.0031367822
1018, 0.0036040668
1018, 0.0032168422
1018, 0.0027687026
1018, 0.0026761794
1018, 0.0028320767
1018, 0.002700967
1019, 0.0031816412
1019, 0.0035202536
1019, 0.0033541098
1019, 0.003682059
1019, 0.0028539868
1019, 0.00311021
1019, 0.0029561243
1019, 0.0032016663
1020, 0.004109504
1020, 0.004401155
1020, 0.004057676
1020, 0.004200777
1020, 0.0036318677
1020, 0.004014559
1020, 0.0036505302
1020, 0.0038847034
1021, 0.0045176726
1021, 0.00438151
1021, 0.004348842
1021, 0.004240828
1021, 0.0041763466
1021, 0.0041081575
1021, 0.0039806934
1021, 0.003940638
1022, 0.004289217
1022, 0.004510386
1022, 0.004311763
1022, 0.004554752
1022, 0.004004915
1022, 0.004039481
1022, 0.0039364155
1022, 0.003992778
1023, 0.004534212
1023, 0.004554955
1023, 0.004499836
1023, 0.004514327
1023, 0.003938765
1023, 0.0036928803
1023, 0.003949091
1023, 0.0036969557
1024, 0.0038425282
1024, 0.0038394558
1024, 0.0039726878
1024, 0.004035268
1024, 0.0041390317
1024, 0.003929779
1024, 0.004196515
1024, 0.004052923
1025, 0.004270696
1025, 0.004921336
1025, 0.0044659134
1025, 0.0049984213
1025, 0.0042033745
1025, 0.0047539715
1025, 0.0042774277
1025, 0.004709838
1026, 0.005021179
1026, 0.0047584125
1026, 0.0051082554
1026, 0.004843615
1026, 0.0048585385
1026, 0.0048334734
1026, 0.0048598545
1026, 0.00483293
1027, 0.004630648
1027, 0.0047929925
1027, 0.0045542894
1027, 0.0047074356
1027, 0.0045921337
1027, 0.0044077104
1027, 0.0046388125
1027, 0.0044452096
1028, 0.0044569955
1028, 0.0042704265
1028, 0.0045077503
1028, 0.004357932
1028, 0.004180358
1028, 0.0040591583
1028, 0.0042348434
1028, 0.0041503976
1029, 0.0041104183
1029, 0.003954174
1029, 0.00423951
1029, 0.0041038203
1029, 0.0037918126
1029, 0.003618444
1029, 0.003939908
1029, 0.00378708
1030, 0.0036960172
1030, 0.0033782755
1030, 0.0038812484
1030, 0.0035943843
1030, 0.003343163
1030, 0.0029727248
1030, 0.003436971
1030, 0.003097412
1031, 0.003151846
1031, 0.0029888994
1031, 0.0032442333
1031, 0.003052719
1031, 0.0028158778
1031, 0.0025156948
1031, 0.0028642607
1031, 0.002535534
1032, 0.0035274606
1032, 0.0043097455
1032, 0.003610371
1032, 0.004412938
1032, 0.0027911651
1032, 0.0032600837
1032, 0.002960409
1032, 0.0034496242
1033, 0.0045974106
1033, 0.004219549
1033, 0.0045538996
1033, 0.0041338857
1033, 0.0035674775
1033, 0.0036039532
1033, 0.0037142532
1033, 0.0037085777
1034, 0.0038741268
1034, 0.0037464132
1034, 0.0038527686
1034, 0.0037507315
1034, 0.0037314757
1034, 0.0040595443
1034, 0.0037027022
1034, 0.0040564514
1035, 0.0028259389
1035, 0.00275699
1035, 0.0026778837
1035, 0.0026353872
1035, 0.0031520566
1035, 0.0030713433
1035, 0.0029809326
1035, 0.002926676
1036, 0.0027482307
1036, 0.0027626357
1036, 0.0025688687
1036, 0.002549888
1036, 0.002925795
1036, 0.0027811492
1036, 0.0028258986
1036, 0.0026478863
1037, 0.0027947323
1037, 0.0029023946
1037, 0.0025750166
1037, 0.0026684457
1037, 0.0027267032
1037, 0.0027761343
1037, 0.0025598502
1037, 0.0025950656
1038, 0.003167314
1038, 0.0034965412
1038, 0.0029593129
1038, 0.0032421488
1038, 0.0032831342
1038, 0.0038243465
1038, 0.0030583458
1038, 0.0035531158
1039, 0.0037112741
1039, 0.0038758554
1039, 0.0035875607
1039, 0.003748729
1039, 0.00411232
1039, 0.004149198
1039, 0.003954585
1039, 0.0039880536
1040, 0.0039028025
1040, 0.003926582
1040, 0.003705958
1040, 0.003837391
1040, 0.0039688116
1040, 0.003756644
1040, 0.0038195178
1040, 0.003715028
1041, 0.0038404197
1041, 0.0037394147
1041, 0.0037780264
1041, 0.0036574819
1041, 0.0035326462
1041, 0.0035675648
1041, 0.0036303368
1041, 0.0036457188
1042, 0.0034022524
1042, 0.0031047235
1042, 0.003710101
1042, 0.0035935792
1042, 0.00352417
1042, 0.0035338653
1042, 0.0037949118
1042, 0.0039857416
1043, 0.0030212048
1043, 0.0027066441
1043, 0.0032337187
1043, 0.0026786872
1043, 0.0037121694
1043, 0.0036050063
1043, 0.0038699745
1043, 0.0035222066
1044, 0.0025596626
1044, 0.0025845051
1044, 0.0023850023
1044, 0.0024828536
1044, 0.0035956511
1044, 0.003486481
1044, 0.0033276144
1044, 0.0032915375
1045, 0.0025819382
1045, 0.0026995037
1045, 0.0025497228
1045, 0.0026366168
1045, 0.0032739227
1045, 0.0032557568
1045, 0.0031603978
1045, 0.0031115452
1046, 0.0025416978
1046, 0.0025955301
1046, 0.0023503
1046, 0.0024348472
1046, 0.0021366833
1046, 0.0022861063
1046, 0.00202549
1046, 0.0022056187
1047, 0.0025182075
1047, 0.0024031783
1047, 0.0025122536
1047, 0.0024326306
1047, 0.00232179
1047, 0.00233298
1047, 0.0023030867
1047, 0.0023496759
1048, 0.0024464137
1048, 0.0025963616
1048, 0.0024903808
1048, 0.0026265876
1048, 0.002357052
1048, 0.0023875695
1048, 0.002447584
1048, 0.0024643592
1049, 0.0027612273
1049, 0.0028538376
1049, 0.0028294653
1049, 0.002936625
1049, 0.0025531033
1049, 0.0025593503
1049, 0.002627901
1049, 0.00264869
1050, 0.0029541266
1050, 0.0031500466
1050, 0.0030743568
1050, 0.0033390196
1050, 0.0026393654
1050, 0.0028471935
1050, 0.0027337575
1050, 0.0030103007
1051, 0.0030607511
1051, 0.003169521
1051, 0.0033265667
1051, 0.003429958
1051, 0.002796443
1051, 0.0029335185
1051, 0.0029998275
1051, 0.0031315084
1052, 0.0029346964
1052, 0.0025522567
1052, 0.0031105606
1052, 0.0025861782
1052, 0.0028808299
1052, 0.0027181355
1052, 0.0031004315
1052, 0.0027957351
1053, 0.0024366395
1053, 0.0023727063
1053, 0.0022249222
1053, 0.002128566
1053, 0.0025331434
1053, 0.0024873067
1053, 0.0023133375
1053, 0.0022350736
1054, 0.0021395965
1054, 0.0016846654
1054, 0.0019966497
1054, 0.0016450343
1054, 0.002300027
1054, 0.0018664192
1054, 0.0021002695
1054, 0.0017700283
1055, 0.0016716082
1055, 0.0019457104
1055, 0.001734441
1055, 0.0019811252
1055, 0.0018707581
1055, 0.0020027494
1055, 0.0018860814
1055, 0.0019906315
1056, 0.0021954807
1056, 0.0023369263
1056, 0.002087185
1056, 0.0021968673
1056, 0.0020727185
1056, 0.002040849
1056, 0.002000741
1056, 0.0019371241
1057, 0.0022785033
1057, 0.002408326
1057, 0.002635138
1057, 0.002675227
1057, 0.0022407577
1057, 0.0023013037
1057, 0.002616587
1057, 0.002587377
1058, 0.0026843236
1058, 0.0028304409
1058, 0.002883934
1058, 0.0029921276
1058, 0.0024323454
1058, 0.0025394019
1058, 0.0026234004
1058, 0.0026925418
1059, 0.002936542
1059, 0.0027986944
1059, 0.002946732
1059, 0.0027977051
1059, 0.002708713
1059, 0.0026562177
1059, 0.0026745133
1059, 0.0026108474
1060, 0.0026887073
1060, 0.0026768823
1060, 0.002718295
1060, 0.002728848
1060, 0.0026098548
1060, 0.002562022
1060, 0.0026611718
1060, 0.0026357158
1061, 0.0027196407
1061, 0.0027901228
1061, 0.002668316
1061, 0.0025414182
1061, 0.0026051763
1061, 0.0028190329
1061, 0.002570906
1061, 0.002587379
1062, 0.0026658438
1062, 0.0024683676
1062, 0.0023129792
1062, 0.0019575597
1062, 0.0027670918
1062, 0.0026847008
1062, 0.0024420347
1062, 0.00220165
1063, 0.002538841
1063, 0.0027548922
1063, 0.0020182598
1063, 0.0024367392
1063, 0.0028588723
1063, 0.002742183
1063, 0.002221653
1063, 0.002307568
1064, 0.0030298831
1064, 0.0032095094
1064, 0.002827852
1064, 0.0030061733
1064, 0.0026274768
1064, 0.0025458252
1064, 0.0024591628
1064, 0.0023762507
1065, 0.0030342352
1065, 0.0027256398
1065, 0.0028957888
1065, 0.0027492272
1065, 0.002248261
1065, 0.0019502029
1065, 0.0021557058
1065, 0.002019566
1066, 0.002488189
1066, 0.0025051134
1066, 0.0026418392
1066, 0.0026383426
1066, 0.0018452902
1066, 0.0020747979
1066, 0.0019807934
1066, 0.0021899058
1067, 0.0023557954
1067, 0.0022527263
1067, 0.002557508
1067, 0.0025833696
1067, 0.002131107
1067, 0.00219938
1067, 0.002355132
1067, 0.0025523817
1068, 0.004318061
1068, 0.0040139286
1068, 0.0042797113
1068, 0.0039861803
1068, 0.0042877113
1068, 0.004019956
1068, 0.0041861143
1068, 0.0039289854
1069, 0.0038502428
1069, 0.0035952462
1069, 0.0036546532
1069, 0.0034778984
1069, 0.0038392257
1069, 0.0037963332
1069, 0.003676565
1069, 0.0037118893
1070, 0.0032784112
1070, 0.0030062094
1070, 0.0032177214
1070, 0.002947195
1070, 0.0036539158
1070, 0.0036280951
1070, 0.0036515787
1070, 0.0036274157
1071, 0.0028895352
1071, 0.0029221864
1071, 0.0028300623
1071, 0.002838691
1071, 0.0037370052
1071, 0.0038253753
1071, 0.003678868
1071, 0.0037431943
1072, 0.002779349
1072, 0.0022872405
1072, 0.0026499291
1072, 0.0021174634
1072, 0.0036271743
1072, 0.0030086627
1072, 0.003542281
1072, 0.0028833586
1073, 0.0020504694
1073, 0.0018445211
1073, 0.001954848
1073, 0.0017869314
1073, 0.0026426187
1073, 0.0022666422
1073, 0.0025551564
1073, 0.002217231
1074, 0.0016713933
1074, 0.0016263955
1074, 0.0016579679
1074, 0.0015876407
1074, 0.002024603
1074, 0.0019974532
1074, 0.0020214368
1074, 0.0019689524
1075, 0.0017387506
1075, 0.0021533414
1075, 0.0015923645
1075, 0.0020804731
1075, 0.0021330344
1075, 0.0025471756
1075, 0.0019535427
1075, 0.0024412
1076, 0.002535219
1076, 0.0030995158
1076, 0.0026101726
1076, 0.003196492
1076, 0.002890488
1076, 0.003374977
1076, 0.002945418
1076, 0.003451915
1077, 0.0035966614
1077, 0.004116295
1077, 0.003909469
1077, 0.0043941247
1077, 0.0037614824
1077, 0.0040786583
1077, 0.004133304
1077, 0.0044154655
1078, 0.0044239974
1078, 0.0044671106
1078, 0.0046093743
1078, 0.004553234
1078, 0.0043793013
1078, 0.0044332575
1078, 0.0044672834
1078, 0.0044219755
1079, 0.003919657
1079, 0.0035652793
1079, 0.0038049596
1079, 0.0035014942
1079, 0.004070849
1079, 0.0037252456
1079, 0.0039835246
1079, 0.0036888267
1080, 0.0032289894
1080, 0.0031934187
1080, 0.0031743487
1080, 0.0030865532
1080, 0.0033828546
1080, 0.0033009055
1080, 0.0033127787
1080, 0.0031786067
1081, 0.0030497771
1081, 0.0030274405
1081, 0.002968531
1081, 0.0029734024
1081, 0.003208824
1081, 0.0032441327
1081, 0.003128595
1081, 0.0031911132
1082, 0.0029461256
1082, 0.002757342
1082, 0.0028408235
1082, 0.002657678
1082, 0.0032277813
1082, 0.003058141
1082, 0.0031226936
1082, 0.002958692
1083, 0.0027334474
1083, 0.0026995335
1083, 0.0027950958
1083, 0.0028937934
1083, 0.0031012653
1083, 0.0031764146
1083, 0.0031373492
1083, 0.0033451815
1084, 0.0029118012
1084, 0.0028562734
1084, 0.003088308
1084, 0.0031143718
1084, 0.003408251
1084, 0.0033902265
1084, 0.003658496
1084, 0.0037221136
1085, 0.0027889374
1085, 0.002856817
1085, 0.003150656
1085, 0.003258568
1085, 0.003312774
1085, 0.0033458725
1085, 0.0037463005
1085, 0.0038194603
1086, 0.002997312
1086, 0.0035614192
1086, 0.0034504354
1086, 0.0040829275
1086, 0.0033760832
1086, 0.0039059282
1086, 0.0037840884
1086, 0.0043822657
1087, 0.0040986454
1087, 0.004326044
1087, 0.0044668447
1087, 0.004309523
1087, 0.00438714
1087, 0.004623334
1087, 0.004558149
1087, 0.0044098147
1088, 0.0043488103
1088, 0.004340533
1088, 0.0043361443
1088, 0.0044180914
1088, 0.0048978254
1088, 0.004924012
1088, 0.005057954
1088, 0.00517448
1089, 0.0044732275
1089, 0.0043129143
1089, 0.004371424
1089, 0.004151459
1089, 0.0047739884
1089, 0.004453626
1089, 0.004609577
1089, 0.004229612
1090, 0.004743514
1090, 0.004767114
1090, 0.004515224
1090, 0.0047056377
1090, 0.0050488086
1090, 0.005036087
1090, 0.0048677404
1090, 0.0050218944
1091, 0.0042296704
1091, 0.0037141952
1091, 0.0043502487
1091, 0.003786251
1091, 0.004642688
1091, 0.004256376
1091, 0.004781556
1091, 0.0043466925
1092, 0.003436806
1092, 0.0033515815
1092, 0.0034782556
1092, 0.0035254827
1092, 0.0038247197
1092, 0.003518838
1092, 0.0039292984
1092, 0.0037558647
1093, 0.0034510887
1093, 0.0035099639
1093, 0.003662486
1093, 0.0036071145
1093, 0.0034702588
1093, 0.0034758404
1093, 0.0036365476
1093, 0.0035279011
1094, 0.0037728925
1094, 0.00406094
1094, 0.0037297746
1094, 0.004104077
1094, 0.0037755654
1094, 0.0041487236
1094, 0.0037275755
1094, 0.004186983
1095, 0.0043729106
1095, 0.0044946223
1095, 0.0044121793
1095, 0.00447686
1095, 0.004411416
1095, 0.00443142
1095, 0.00437657
1095, 0.0043395595
1096, 0.0045158267
1096, 0.0044436697
1096, 0.004520585
1096, 0.0045219655
1096, 0.004436166
1096, 0.0045207604
1096, 0.0044687726
1096, 0.004626899
1097, 0.0041971165
1097, 0.004416677
1097, 0.004278026
1097, 0.0043342225
1097, 0.0044701365
1097, 0.0044498295
1097, 0.0045814174
1097, 0.0043976814
1098, 0.00448741
1098, 0.0049927225
1098, 0.004373159
1098, 0.0046373894
1098, 0.0046326015
1098, 0.0052049747
1098, 0.004368207
1098, 0.0046992674
1099, 0.0057446803
1099, 0.0045738425
1099, 0.0048705805
1099, 0.0040429286
1099, 0.0054023317
1099, 0.0043603517
1099, 0.0046190885
1099, 0.0039197644
1100, 0.004093596
1100, 0.0047201067
1100, 0.0041735703
1100, 0.0046225777
1100, 0.004322001
1100, 0.0050346917
1100, 0.0043995893
1100, 0.004934724
1101, 0.0025503724
1101, 0.0030780414
1101, 0.0022545818
1101, 0.002787066
1101, 0.0031292834
1101, 0.0036675606
1101, 0.0027513718
1101, 0.0032943932
1102, 0.0032557969
1102, 0.0034527176
1102, 0.002902457
1102, 0.0032326477
1102, 0.0038356658
1102, 0.0037366755
1102, 0.003466904
1102, 0.0035013268
1103, 0.0031432929
1103, 0.002815185
1103, 0.003087622
1103, 0.002853555
1103, 0.0032915564
1103, 0.0030972983
1103, 0.0031735888
1103, 0.0030733822
1104, 0.0026653255
1104, 0.0025856888
1104, 0.002691442
1104, 0.0025355308
1104, 0.002776047
1104, 0.0025539522
1104, 0.0028153008
1104, 0.00251694
1105, 0.0028277016
1105, 0.003250837
1105, 0.0027138507
1105, 0.0031137636
1105, 0.0028264725
1105, 0.0031931226
1105, 0.0027893728
1105, 0.0031328432
1106, 0.0036724375
1106, 0.0037968406
1106, 0.0036092715
1106, 0.0037080469
1106, 0.0034558151
1106, 0.0036179114
1106, 0.003430291
1106, 0.0035667666
1107, 0.0040663444
1107, 0.004106991
1107, 0.00372722
1107, 0.0036659555
1107, 0.004025366
1107, 0.0041034427
1107, 0.0037454283
1107, 0.0037215853
1108, 0.0035780068
1108, 0.0029726708
1108, 0.0032279221
1108, 0.0026300973
1108, 0.0038777408
1108, 0.0035355715
1108, 0.0034860494
1108, 0.0031513395
1109, 0.0021745088
1109, 0.0015574766
1109, 0.0018965532
1109, 0.0013479113
1109, 0.002715816
1109, 0.002017636
1109, 0.0023500202
1109, 0.0017203263
1110, 0.001620531
1110, 0.0016090797
1110, 0.0012586035
1110, 0.0014298393
1110, 0.001908407
1110, 0.0021249326
1110, 0.0016514253
1110, 0.0020505923
1111, 0.0019239727
1111, 0.002253135
1111, 0.0018785652
1111, 0.0019437617
1111, 0.0026718015
1111, 0.00286639
1111, 0.0026240419
1111, 0.0025545298
1112, 0.0018531274
1112, 0.0019333194
1112, 0.0020332984
1112, 0.0019675258
1112, 0.0019684965
1112, 0.0019095853
1112, 0.00217941
1112, 0.0019745338
1113, 0.0019168637
1113, 0.0023516242
1113, 0.0019504387
1113, 0.002265966
1113, 0.0019616967
1113, 0.0023064998
1113, 0.0019342445
1113, 0.0021597766
1114, 0.002564502
1114, 0.002795937
1114, 0.0024212762
1114, 0.002647116
1114, 0.002398208
1114, 0.002715455
1114, 0.0022514707
1114, 0.0025631117
1115, 0.0027629358
1115, 0.0024261086
1115, 0.002608088
1115, 0.0023792032
1115, 0.002690376
1115, 0.0024166144
1115, 0.002583019
1115, 0.0024171586
1116, 0.0021397513
1116, 0.0019853783
1116, 0.0021665802
1116, 0.0018805017
1116, 0.002270204
1116, 0.001997506
1116, 0.0022622903
1116, 0.0018578746
1117, 0.0020011931
1117, 0.0019492509
1117, 0.0017014244
1117, 0.0016859455
1117, 0.0017744888
1117, 0.0016237656
1117, 0.001565914
1117, 0.0014516433
1118, 0.0021005268
1118, 0.0023217683
1118, 0.0020420437
1118, 0.0023210687
1118, 0.001810213
1118, 0.0019487063
1118, 0.0017385002
1118, 0.0019347667
1119, 0.002619572
1119, 0.002758732
1119, 0.0026750702
1119, 0.0028834068
1119, 0.0023645167
1119, 0.0027597186
1119, 0.002403457
1119, 0.0028678507
1120, 0.0027926613
1120, 0.002568766
1120, 0.0029093905
1120, 0.002681655
1120, 0.0027469837
1120, 0.0025639227
1120, 0.0028366165
1120, 0.0026497236
1121, 0.0022387202
1121, 0.0020831295
1121, 0.0023577397
1121, 0.0022487228
1121, 0.0023503504
1121, 0.002323053
1121, 0.002489865
1121, 0.0025091625
1122, 0.0020151376
1122, 0.0018309065
1122, 0.0022182392
1122, 0.0021224502
1122, 0.0023169478
1122, 0.002087667
1122, 0.002486258
1122, 0.0023454442
1123, 0.0029418182
1123, 0.0030376127
1123, 0.0029192767
1123, 0.0029874223
1123, 0.0029478043
1123, 0.0029235247
1123, 0.0029442813
1123, 0.0028923536
1124, 0.0031566815
1124, 0.0031009053
1124, 0.0030982113
1124, 0.0030469527
1124, 0.0030481797
1124, 0.003075248
1124, 0.0029873243
1124, 0.0030189068
1125, 0.0028559153
1125, 0.00267586
1125, 0.0027497243
1125, 0.0024382346
1125, 0.002798455
1125, 0.0025627
1125, 0.002687904
1125, 0.0023207401
1126, 0.0024835095
1126, 0.002524254
1126, 0.0021314586
1126, 0.0022330561
1126, 0.0023588084
1126, 0.0023489792
1126, 0.0020138065
1126, 0.002064836
1127, 0.0024206503
1127, 0.002108816
1127, 0.0022211105
1127, 0.00194534
1127, 0.002314194
1127, 0.002094634
1127, 0.002137253
1127, 0.0019537392
1128, 0.0021932882
1128, 0.0024049797
1128, 0.002070135
1128, 0.0023443499
1128, 0.0022164672
1128, 0.0024357082
1128, 0.0020836238
1128, 0.002365393
1129, 0.0026353847
1129, 0.0027548308
1129, 0.0025588034
1129, 0.0027201627
1129, 0.0026316121
1129, 0.0027173487
1129, 0.0025891296
1129, 0.0027167911
1130, 0.0027174165
1130, 0.0027859388
1130, 0.0027430912
1130, 0.002777371
1130, 0.0026927113
1130, 0.0027885067
1130, 0.0026571376
1130, 0.0027186752
1131, 0.0027415084
1131, 0.0027427927
1131, 0.0027754197
1131, 0.0027900597
1131, 0.0026379367
1131, 0.0026768295
1131, 0.002719422
1131, 0.0027716712
1132, 0.0027530214
1132, 0.0028882015
1132, 0.002806964
1132, 0.0029221606
1132, 0.0027940536
1132, 0.0029388205
1132, 0.0028140151
1132, 0.0029387912
1133, 0.002973018
1133, 0.002847988
1133, 0.0029277906
1133, 0.0027967575
1133, 0.0029910046
1133, 0.002868901
1133, 0.0029270954
1133, 0.002798994
1134, 0.0023735897
1134, 0.0022514814
1134, 0.0021970533
1134, 0.0022265397
1134, 0.002031478
1134, 0.0020763231
1134, 0.0018303972
1134, 0.0020267887
1135, 0.0021682766
1135, 0.002112814
1135, 0.0021723541
1135, 0.0021247733
1135, 0.0020299086
1135, 0.0019747224
1135, 0.0019698364
1135, 0.0019225322
1136, 0.0022852006
1136, 0.0024488615
1136, 0.0022361134
1136, 0.002384997
1136, 0.0020844913
1136, 0.0021301701
1136, 0.0020391578
1136, 0.002070068
1137, 0.0024131562
1137, 0.0022898258
1137, 0.00244255
1137, 0.0023489103
1137, 0.0021486308
1137, 0.0021679571
1137, 0.0021881303
1137, 0.0022371511
1138, 0.002110676
1138, 0.0019946606
1138, 0.002098146
1138, 0.0019986352
1138, 0.0020791956
1138, 0.0018709524
1138, 0.0020688206
1138, 0.0018770839
1139, 0.0020427753
1139, 0.002179365
1139, 0.0019764304
1139, 0.002120653
1139, 0.0018578524
1139, 0.002032828
1139, 0.0017984874
1139, 0.0019810959
1140, 0.0022962668
1140, 0.0025584123
1140, 0.002299471
1140, 0.0024847973
1140, 0.002165537
1140, 0.0023443867
1140, 0.002168558
1140, 0.0022705882
1141, 0.0030122357
1141, 0.0033492467
1141, 0.0029035476
1141, 0.0031623775
1141, 0.0025882956
1141, 0.002791971
1141, 0.0024371573
1141, 0.0025627052
1142, 0.003535456
1142, 0.0034903942
1142, 0.003271915
1142, 0.0032014542
1142, 0.0029643355
1142, 0.0029124548
1142, 0.0027093554
1142, 0.0026320878
1143, 0.003290103
1143, 0.0032042468
1143, 0.0030578733
1143, 0.0029215515
1143, 0.0026674126
1143, 0.0024511924
1143, 0.0025180276
1143, 0.0022513715
1144, 0.0029464425
1144, 0.0025946968
1144, 0.002734164
1144, 0.0024146638
1144, 0.002184313
1144, 0.0020483744
1144, 0.0019892938
1144, 0.001885547
1145, 0.0040818313
1145, 0.004055032
1145, 0.004448206
1145, 0.0042782146
1145, 0.0040926063
1145, 0.004067289
1145, 0.0045164293
1145, 0.0043479092
1146, 0.004091671
1146, 0.004304293
1146, 0.0042205225
1146, 0.004433872
1146, 0.0039163334
1146, 0.0038144994
1146, 0.0041173124
1146, 0.0040161717
1147, 0.004290244
1147, 0.0042283414
1147, 0.0045394646
1147, 0.004552895
1147, 0.0037011968
1147, 0.003511755
1147, 0.0039929203
1147, 0.003878746
1148, 0.0038874024
1148, 0.0036211498
1148, 0.0043093706
1148, 0.0039638025
1148, 0.0031706635
1148, 0.0029628172
1148, 0.0035573216
1148, 0.003270221
1149, 0.0033029767
1149, 0.0031656113
1149, 0.0035958223
1149, 0.0034409494
1149, 0.0027933535
1149, 0.0027756712
1149, 0.0031118535
1149, 0.003076686
1150, 0.0030732863
1150, 0.0030261504
1150, 0.00334944
1150, 0.003234513
1150, 0.0026631232
1150, 0.0025619336
1150, 0.0029394873
1150, 0.0027705112
1151, 0.0027850142
1151, 0.0024210073
1151, 0.0028409949
1151, 0.0024811372
1151, 0.002387812
1151, 0.002185935
1151, 0.0024576222
1151, 0.0022598975
1152, 0.0022299846
1152, 0.0020281135
1152, 0.0022740602
1152, 0.0021308232
1152, 0.0019378337
1152, 0.0018743492
1152, 0.0020540017
1152, 0.0020491376
1153, 0.00208552
1153, 0.0023533232
1153, 0.0023604347
1153, 0.002692294
1153, 0.001985932
1153, 0.002170663
1153, 0.0021336672
1153, 0.0023823807
1154, 0.002727521
1154, 0.0029136606
1154, 0.0030871616
1154, 0.0033069663
1154, 0.002676588
1154, 0.0030638922
1154, 0.002858556
1154, 0.0032795307
1155, 0.0034585448
1155, 0.0038972253
1155, 0.00377628
1155, 0.004286348
1155, 0.0036004866
1155, 0.003937083
1155, 0.0039742063
1155, 0.004382191
1156, 0.0031012583
1156, 0.0030069854
1156, 0.0029176183
1156, 0.0029009136
1156, 0.0026963928
1156, 0.00260209
1156, 0.00251033
1156, 0.0024935843
1157, 0.0028694244
1157, 0.0027572024
1157, 0.0028895398
1157, 0.002813878
1157, 0.0024997464
1157, 0.0026308005
1157, 0.0025157398
1157, 0.0026833545
1158, 0.0028145502
1158, 0.0029196125
1158, 0.002834875
1158, 0.0028472662
1158, 0.0028872637
1158, 0.0032041317
1158, 0.0029315737
1158, 0.0031557437
1159, 0.0035373205
1159, 0.0040252907
1159, 0.0033913553
1159, 0.0038351538
1159, 0.0037825152
1159, 0.0041075777
1159, 0.0037248873
1159, 0.004005793
1160, 0.004441588
1160, 0.0042632734
1160, 0.0042758402
1160, 0.004043627
1160, 0.0045737005
1160, 0.004417524
1160, 0.0043178373
1160, 0.004107787
1161, 0.0039496734
1161, 0.0036731318
1161, 0.0038011512
1161, 0.0036336188
1161, 0.0040701977
1161, 0.0037658112
1161, 0.0039611342
1161, 0.0037657877
1162, 0.0033144895
1162, 0.0033085516
1162, 0.0034426535
1162, 0.0035357524
1162, 0.003322414
1162, 0.0031421909
1162, 0.0033348175
1162, 0.0032535978
1163, 0.003429989
1163, 0.003672987
1163, 0.0037332452
1163, 0.0039657145
1163, 0.0030677682
1163, 0.003238686
1163, 0.00320567
1163, 0.0033660238
1164, 0.0038383026
1164, 0.0038826843
1164, 0.0039439737
1164, 0.0039955727
1164, 0.003212791
1164, 0.0032043844
1164, 0.0034064904
1164, 0.0034053088
1165, 0.0037232458
1165, 0.0035330849
1165, 0.0036998405
1165, 0.0034011547
1165, 0.003092004
1165, 0.0029211459
1165, 0.0032644367
1165, 0.0029850353
1166, 0.0033289695
1166, 0.0033061751
1166, 0.0031275342
1166, 0.0030849786
1166, 0.002903435
1166, 0.0028739588
1166, 0.0026442693
1166, 0.0025950305
1167, 0.0019569315
1167, 0.0021670852
1167, 0.0018067384
1167, 0.0019943316
1167, 0.0021086587
1167, 0.0022769026
1167, 0.0019567688
1167, 0.002102451
1168, 0.0023470435
1168, 0.0025003506
1168, 0.0021652954
1168, 0.0023162249
1168, 0.002394631
1168, 0.0025823188
1168, 0.0022020105
1168, 0.0023873125
1169, 0.0025011373
1169, 0.0023753303
1169, 0.0023968108
1169, 0.0022945746
1169, 0.0026324317
1169, 0.0024561225
1169, 0.0024744326
1169, 0.0023217187
1170, 0.0023281581
1170, 0.002250743
1170, 0.0022861217
1170, 0.0023479853
1170, 0.0023877898
1170, 0.002229655
1170, 0.0022814136
1170, 0.0022625765
1171, 0.0022556998
1171, 0.0021944358
1171, 0.0024455723
1171, 0.002506997
1171, 0.0020490629
1171, 0.0018572011
1171, 0.002267842
1171, 0.0021986137
1172, 0.0022433368
1172, 0.0024285847
1172, 0.0025473286
1172, 0.0026396748
1172, 0.0020161641
1172, 0.0022995202
1172, 0.002285564
1172, 0.0024760198
1173, 0.002526746
1173, 0.0026121025
1173, 0.0027896152
1173, 0.00277516
1173, 0.0022356154
1173, 0.0023673568
1173, 0.002485391
1173, 0.0025173726
1174, 0.002640769
1174, 0.0024877235
1174, 0.0025521696
1174, 0.0023712236
1174, 0.0022865639
1174, 0.0021312956
1174, 0.0023151974
1174, 0.0021320272
1175, 0.0023573923
1175, 0.0024423767
1175, 0.00220321
1175, 0.0022675123
1175, 0.0022950997
1175, 0.002715332
1175, 0.0021807489
1175, 0.0025802779
1176, 0.0024181386
1176, 0.0022076622
1176, 0.0023014992
1176, 0.0020979636
1176, 0.0029799244
1176, 0.0027262475
1176, 0.0028361047
1176, 0.0025893915
1177, 0.0021480366
1177, 0.0020567633
1177, 0.0020406358
1177, 0.0019231617
1177, 0.0024428573
1177, 0.002186488
1177, 0.0023546254
1177, 0.0020720647
1178, 0.0018924684
1178, 0.001963632
1178, 0.0021653478
1178, 0.002271555
1178, 0.001615831
1178, 0.0017470447
1178, 0.0018515686
1178, 0.0020178268
1179, 0.0021899815
1179, 0.0024031987
1179, 0.0024437432
1179, 0.002653979
1179, 0.0019919495
1179, 0.0024126898
1179, 0.0021883568
1179, 0.0026061293
1180, 0.0027200906
1180, 0.0027058772
1180, 0.00280254
1180, 0.0027698295
1180, 0.0028772028
1180, 0.0030074345
1180, 0.0029624961
1180, 0.0030742353
1181, 0.002783619
1181, 0.0028591189
1181, 0.0029107719
1181, 0.0029023476
1181, 0.0031615612
1181, 0.0033121891
1181, 0.0032473435
1181, 0.0033140252
1182, 0.0027989345
1182, 0.0029529787
1182, 0.0028062093
1182, 0.0030412439
1182, 0.0032473688
1182, 0.0032315163
1182, 0.0032430827
1182, 0.003308235
1183, 0.0027879335
1183, 0.002635997
1183, 0.0029202602
1183, 0.0027409764
1183, 0.0029815855
1183, 0.0027154787
1183, 0.0030578678
1183, 0.0027644166
1184, 0.0026721065
1184, 0.0025718147
1184, 0.0025832886
1184, 0.0024263607
1184, 0.0026092813
1184, 0.002576324
1184, 0.0026295993
1184, 0.002539974
1185, 0.0023799972
1185, 0.0021340074
1185, 0.0024408537
1185, 0.0021925056
1185, 0.0024799805
1185, 0.0023382397
1185, 0.0025961786
1185, 0.0024520732
1186, 0.0017650449
1186, 0.0015950847
1186, 0.0018373433
1186, 0.001631963
1186, 0.002056773
1186, 0.0018268679
1186, 0.0021982114
1186, 0.001932863
1187, 0.0015318592
1187, 0.0015823556
1187, 0.0015487799
1187, 0.0017118526
1187, 0.0017152759
1187, 0.0015535168
1187, 0.0016942482
1187, 0.0016450799
1188, 0.0017159216
1188, 0.0018338101
1188, 0.0019858035
1188, 0.00210264
1188, 0.0015035567
1188, 0.0015189975
1188, 0.0017788484
1188, 0.0017932167
1189, 0.0040411483
1189, 0.003926496
1189, 0.004117418
1189, 0.003936208
1189, 0.0038981743
1189, 0.0037391293
1189, 0.0038707643
1189, 0.003645194
1190, 0.0038165618
1190, 0.0039106593
1190, 0.0037731533
1190, 0.0038315821
1190, 0.0035679522
1190, 0.0036860378
1190, 0.0035663277
1190, 0.0036487612
1191, 0.004034492
1191, 0.0041270577
1191, 0.004026502
1191, 0.0042124665
1191, 0.0039577293
1191, 0.0041875257
1191, 0.0039583193
1191, 0.0042815204
1192, 0.0043913047
1192, 0.004454538
1192, 0.004448219
1192, 0.0045190016
1192, 0.004421369
1192, 0.004427461
1192, 0.0044999137
1192, 0.004513551
1193, 0.004203886
1193, 0.0039615445
1193, 0.0042535285
1193, 0.0039249565
1193, 0.004312875
1193, 0.0043686954
1193, 0.004321896
1193, 0.004291468
1194, 0.0035075827
1194, 0.0032395483
1194, 0.0034920704
1194, 0.003279214
1194, 0.0040448923
1194, 0.003928639
1194, 0.0040082564
1194, 0.003947202
1195, 0.002959173
1195, 0.002718701
1195, 0.0030813206
1195, 0.002870733
1195, 0.003813766
1195, 0.0035741772
1195, 0.0039394237
1195, 0.0037297418
1196, 0.0030076355
1196, 0.0032894386
1196, 0.0030195327
1196, 0.0033387204
1196, 0.0038319146
1196, 0.004084817
1196, 0.0039014716
1196, 0.004191798
1197, 0.0034493248
1197, 0.00366385
1197, 0.0036773446
1197, 0.0039370167
1197, 0.004216425
1197, 0.004087389
1197, 0.004550782
1197, 0.004466871
1198, 0.003933051
1198, 0.004049063
1198, 0.004410573
1198, 0.0042919936
1198, 0.0040245177
1198, 0.0039861156
1198, 0.0044585
1198, 0.0041854996
1199, 0.0042582094
1199, 0.0042620488
1199, 0.004219325
1199, 0.0043778345
1199, 0.004140253
1199, 0.0041604107
1199, 0.0040712357
1199, 0.0042460314
1200, 0.0043143076
1200, 0.0040449565
1200, 0.004475888
1200, 0.00417674
1200, 0.004314268
1200, 0.0041869837
1200, 0.004573004
1200, 0.0044159177
1201, 0.003725257
1201, 0.003542525
1201, 0.0038015363
1201, 0.0036444867
1201, 0.0040515712
1201, 0.0038484586
1201, 0.00421105
1201, 0.0040336195
1202, 0.00345169
1202, 0.0034930115
1202, 0.0035252594
1202, 0.003410629
1202, 0.003704048
1202, 0.0036051418
1202, 0.0037565168
1202, 0.0035016485
1203, 0.0035625333
1203, 0.0035112922
1203, 0.003384825
1203, 0.0033861122
1203, 0.0036643178
1203, 0.0038199273
1203, 0.0034849283
1203, 0.0036930465
1204, 0.003638775
1204, 0.003926612
1204, 0.0036074277
1204, 0.0038653882
1204, 0.0039774934
1204, 0.00421466
1204, 0.003971948
1204, 0.00417924
1205, 0.0041778856
1205, 0.0043049376
1205, 0.0041430164
1205, 0.0042699813
1205, 0.00446061
1205, 0.004651082
1205, 0.0044457684
1205, 0.004636157
1206, 0.0042848336
1206, 0.004121166
1206, 0.004270913
1206, 0.0041359304
1206, 0.004716266
1206, 0.0044562276
1206, 0.0045969817
1206, 0.0043656686
1207, 0.0040327013
1207, 0.0042928327
1207, 0.00399802
1207, 0.004401608
1207, 0.0043079676
1207, 0.004256708
1207, 0.004267469
1207, 0.0043597054
1208, 0.0044202716
1208, 0.0048178085
1208, 0.0043982435
1208, 0.004924317
1208, 0.0045126
1208, 0.005057964
1208, 0.004523501
1208, 0.005197547
1209, 0.0052715745
1209, 0.0047557466
1209, 0.0058524106
1209, 0.005024782
1209, 0.005071084
1209, 0.0043799574
1209, 0.0054773623
1209, 0.004474979
1210, 0.0047966354
1210, 0.004866091
1210, 0.0045763957
1210, 0.0047938125
1210, 0.004537873
1210, 0.004841823
1210, 0.004365185
1210, 0.0048171137
1211, 0.005005072
1211, 0.005028854
1211, 0.005169164
1211, 0.005120705
1211, 0.005101184
1211, 0.0050476645
1211, 0.005252012
1211, 0.005126222
1212, 0.004740282
1212, 0.0044185715
1212, 0.0048946626
1212, 0.004506481
1212, 0.00469653
1212, 0.004460407
1212, 0.0048763924
1212, 0.0045737876
1213, 0.004158
1213, 0.0039129294
1213, 0.0042150784
1213, 0.003999856
1213, 0.00418293
1213, 0.004053286
1213, 0.0042179073
1213, 0.004118121
1214, 0.0037892838
1214, 0.0037614862
1214, 0.0037790423
1214, 0.0037259108
1214, 0.0039616395
1214, 0.0039202096
1214, 0.0039792634
1214, 0.003912498
1215, 0.004074267
1215, 0.0045419703
1215, 0.0039051208
1215, 0.0043145805
1215, 0.0042884406
1215, 0.0047963527
1215, 0.0040707565
1215, 0.0045203897
1216, 0.0048563303
1216, 0.0048000775
1216, 0.004521786
1216, 0.0044480404
1216, 0.0051126843
1216, 0.00503023
1216, 0.0048110206
1216, 0.0047110734
1217, 0.004787417
1217, 0.0050172317
1217, 0.004566207
1217, 0.0048050075
1217, 0.005000457
1217, 0.0052101673
1217, 0.0047520027
1217, 0.0049706935
1218, 0.0048437794
1218, 0.004009436
1218, 0.0048096105
1218, 0.0043364307
1218, 0.0048217294
1218, 0.003790543
1218, 0.0047720606
1218, 0.004101895
1219, 0.00389033
1219, 0.004522398
1219, 0.0042127236
1219, 0.0047742724
1219, 0.0038057773
1219, 0.004451864
1219, 0.0041647702
1219, 0.0047403625
1220, 0.0049965447
1220, 0.0047707786
1220, 0.0049577146
1220, 0.004618462
1220, 0.0046925494
1220, 0.004608956
1220, 0.0047010086
1220, 0.004503966
1221, 0.004562573
1221, 0.0049209907
1221, 0.004768866
1221, 0.0051508616
1221, 0.004727823
1221, 0.0050232657
1221, 0.004891156
1221, 0.00521015
1222, 0.0039293077
1222, 0.004199221
1222, 0.0036245119
1222, 0.003939201
1222, 0.0044977614
1222, 0.0046630106
1222, 0.0041728695
1222, 0.004382941
1223, 0.00420219
1223, 0.003797482
1223, 0.0039076935
1223, 0.0034901982
1223, 0.0044852872
1223, 0.003792434
1223, 0.004104312
1223, 0.0033987972
1224, 0.003296788
1224, 0.0031139853
1224, 0.0030953998
1224, 0.0030031246
1224, 0.0030958387
1224, 0.0029256153
1224, 0.0029724767
1224, 0.002892774
1225, 0.0028536047
1225, 0.0027641135
1225, 0.0028318781
1225, 0.0027220738
1225, 0.0027635116
1225, 0.0028150897
1225, 0.00276274
1225, 0.0027940006
1226, 0.0029048773
1226, 0.0030727228
1226, 0.0029028258
1226, 0.003049021
1226, 0.0029144522
1226, 0.003000162
1226, 0.0029216586
1226, 0.0029857212
1227, 0.003422885
1227, 0.0036548793
1227, 0.003417965
1227, 0.0036405541
1227, 0.0034460027
1227, 0.0037483817
1227, 0.0034280084
1227, 0.003720979
1228, 0.0040120967
1228, 0.0041075707
1228, 0.0038072977
1228, 0.0038555618
1228, 0.0040302547
1228, 0.004061796
1228, 0.0038249607
1228, 0.0038093056
1229, 0.004227777
1229, 0.004269022
1229, 0.003959281
1229, 0.0040258397
1229, 0.0042612897
1229, 0.00489828
1229, 0.0040033227
1229, 0.00466552
1230, 0.003686229
1230, 0.0031618897
1230, 0.003394683
1230, 0.0027942955
1230, 0.0047958344
1230, 0.0042527393
1230, 0.004504988
1230, 0.0038857637
1231, 0.0030588133
1231, 0.0033484665
1231, 0.0027536377
1231, 0.0031931426
1231, 0.0037905225
1231, 0.0038267253
1231, 0.0035310006
1231, 0.003717125
1232, 0.0036557326
1232, 0.0037612496
1232, 0.0034936473
1232, 0.0034760523
1232, 0.0041792057
1232, 0.00427599
1232, 0.003971069
1232, 0.003944697
1233, 0.0022803221
1233, 0.0019763664
1233, 0.0022008102
1233, 0.0018192665
1233, 0.0023667081
1233, 0.0019536878
1233, 0.002243245
1233, 0.0017526572
1234, 0.0019704003
1234, 0.0020634558
1234, 0.001790654
1234, 0.0019136801
1234, 0.0018219759
1234, 0.0019651349
1234, 0.0016629609
1234, 0.0018360786
1235, 0.0022980983
1235, 0.0026368801
1235, 0.0022145533
1235, 0.0025377502
1235, 0.0023828787
1235, 0.0028331198
1235, 0.0023049011
1235, 0.002739548
1236, 0.002742891
1236, 0.0026218728
1236, 0.0026408043
1236, 0.0025102734
1236, 0.002887201
1236, 0.0026652191
1236, 0.0027362315
1236, 0.0025047571
1237, 0.0023134027
1237, 0.0019242082
1237, 0.0022043223
1237, 0.001836637
1237, 0.0022854498
1237, 0.0019418136
1237, 0.0022038647
1237, 0.0018817253
1238, 0.0015870096
1238, 0.0014639207
1238, 0.0015234792
1238, 0.0014382319
1238, 0.0016918152
1238, 0.0015979719
1238, 0.0016293222
1238, 0.0015733257
1239, 0.0015408734
1239, 0.0017292994
1239, 0.0015703492
1239, 0.0017396667
1239, 0.0016521816
1239, 0.0018583552
1239, 0.0017389706
1239, 0.0019260404
1240, 0.0021446205
1240, 0.00258899
1240, 0.0021374868
1240, 0.0025518883
1240, 0.0020732905
1240, 0.0022400098
1240, 0.002110247
1240, 0.0022470246
1241, 0.0026636447
1241, 0.0025045977
1241, 0.0025021152
1241, 0.002321504
1241, 0.0024124794
1241, 0.0022607562
1241, 0.002133041
1241, 0.0019597725
1242, 0.0024167735
1242, 0.0025240134
1242, 0.0023478607
1242, 0.002475757
1242, 0.0020959876
1242, 0.0023656336
1242, 0.0020704416
1242, 0.0023607463
1243, 0.0026296023
1243, 0.00255407
1243, 0.0025141763
1243, 0.0025019967
1243, 0.002558107
1243, 0.0025463933
1243, 0.002454058
1243, 0.0025056847
1244, 0.0028109767
1244, 0.002754364
1244, 0.0026396217
1244, 0.0026408203
1244, 0.0025161307
1244, 0.0025720426
1244, 0.0023260128
1244, 0.002439713
1245, 0.002890229
1245, 0.0029325592
1245, 0.0027935242
1245, 0.0028718065
1245, 0.0027516428
1245, 0.002812383
1245, 0.002667848
1245, 0.0027645358
1246, 0.0026927136
1246, 0.0024002844
1246, 0.002589699
1246, 0.0022100464
1246, 0.0026794493
1246, 0.0024193858
1246, 0.0025484287
1246, 0.0022011306
1247, 0.0021589904
1247, 0.0021010544
1247, 0.0018942456
1247, 0.0018658999
1247, 0.0020550846
1247, 0.001930671
1247, 0.0018159089
1247, 0.0017210904
1248, 0.0020394675
1248, 0.0020214869
1248, 0.0018944211
1248, 0.0019068357
1248, 0.0019392448
1248, 0.0020589854
1248, 0.0017946368
1248, 0.0019447597
1249, 0.0022602994
1249, 0.002521746
1249, 0.002102256
1249, 0.0023556591
1249, 0.0023703629
1249, 0.0026597744
1249, 0.0021806296
1249, 0.0024619857
1250, 0.0026969376
1250, 0.0027320683
1250, 0.0025604486
1250, 0.0026362813
1250, 0.0028876052
1250, 0.002904875
1250, 0.0027522715
1250, 0.0028102575
1251, 0.0028135178
1251, 0.0028376419
1251, 0.0026563876
1251, 0.0026713954
1251, 0.002843832
1251, 0.0028339138
1251, 0.002687359
1251, 0.0026683297
1252, 0.0027498167
1252, 0.00278158
1252, 0.0027945826
1252, 0.0028269624
1252, 0.0027259951
1252, 0.0027622022
1252, 0.0028133164
1252, 0.002850139
1253, 0.0028923047
1253, 0.0029784532
1253, 0.0027936345
1253, 0.002829963
1253, 0.0028881298
1253, 0.002854284
1253, 0.00276714
1253, 0.0026834891
1254, 0.002921378
1254, 0.0028654062
1254, 0.0027054944
1254, 0.0026086178
1254, 0.002693435
1254, 0.0025424152
1254, 0.0024950756
1254, 0.0023031752
1255, 0.0017094098
1255, 0.0018190036
1255, 0.0017046982
1255, 0.0018086598
1255, 0.0016787896
1255, 0.0017174594
1255, 0.0016848694
1255, 0.0017179077
1256, 0.0018672178
1256, 0.0018294606
1256, 0.0017787515
1256, 0.0017381855
1256, 0.0017872601
1256, 0.0017497771
1256, 0.001732361
1256, 0.001692069
1257, 0.0018649717
1257, 0.0018703301
1257, 0.0017795019
1257, 0.0017554964
1257, 0.0017971488
1257, 0.0017915858
1257, 0.001699659
1257, 0.0016647347
1258, 0.0019288961
1258, 0.0019573458
1258, 0.001910369
1258, 0.0019569853
1258, 0.0018219382
1258, 0.0018750896
1258, 0.0018025113
1258, 0.001873828
1259, 0.0018690834
1259, 0.0017087078
1259, 0.0017564973
1259, 0.001575248
1259, 0.001779455
1259, 0.00158002
1259, 0.0016334029
1259, 0.0014131042
1260, 0.0016693987
1260, 0.0018154676
1260, 0.0014904318
1260, 0.0016351062
1260, 0.0015572537
1260, 0.0017786641
1260, 0.0014410324
1260, 0.0016610489
1261, 0.0019283295
1261, 0.0020707855
1261, 0.0018105789
1261, 0.0019671163
1261, 0.0019876186
1261, 0.0021142578
1261, 0.0018793419
1261, 0.0020200692
1262, 0.0022470863
1262, 0.002365743
1262, 0.0021034568
1262, 0.0022190327
1262, 0.0021238092
1262, 0.0021637902
1262, 0.0019679924
1262, 0.002004901
1263, 0.0023682967
1263, 0.0022606335
1263, 0.0022301
1263, 0.0020697424
1263, 0.002180209
1263, 0.0020633496
1263, 0.0020245544
1263, 0.0018550165
1264, 0.001943709
1264, 0.0016679951
1264, 0.0019383623
1264, 0.0017036911
1264, 0.0017295807
1264, 0.0014912352
1264, 0.0017175635
1264, 0.0015202524
1265, 0.0014987958
1265, 0.0015297234
1265, 0.0015426758
1265, 0.0016161007
1265, 0.0013869138
1265, 0.0015047503
1265, 0.0013969801
1265, 0.0015573086
1266, 0.003905201
1266, 0.0037823697
1266, 0.0038541066
1266, 0.0037641174
1266, 0.0032947904
1266, 0.0032335734
1266, 0.0032224224
1266, 0.0031940292
1267, 0.0035388886
1267, 0.0033764895
1267, 0.0035124877
1267, 0.0033664422
1267, 0.0031331838
1267, 0.0030969658
1267, 0.003074042
1267, 0.0030541716
1268, 0.0030169643
1268, 0.0027508228
1268, 0.003121938
1268, 0.002952183
1268, 0.002734854
1268, 0.0024015594
1268, 0.0028682484
1268, 0.0026313139
1269, 0.002443992
1269, 0.0022251692
1269, 0.0026384082
1269, 0.0023643335
1269, 0.0020640667
1269, 0.0019181023
1269, 0.0022465014
1269, 0.002045311
1270, 0.002144765
1270, 0.0022225783
1270, 0.0023294105
1270, 0.0023809148
1270, 0.0018343779
1270, 0.0019398867
1270, 0.0020250827
1270, 0.0021042943
1271, 0.0020691168
1271, 0.0018730721
1271, 0.0022173494
1271, 0.002040316
1271, 0.0019026306
1271, 0.0016412149
1271, 0.0020440856
1271, 0.0018016751
1272, 0.0016957815
1272, 0.0017100936
1272, 0.001757736
1272, 0.0017400399
1272, 0.0014975128
1272, 0.0016374385
1272, 0.0015798449
1272, 0.0016877659
1273, 0.0016910535
1273, 0.0017660315
1273, 0.0017854334
1273, 0.0019305245
1273, 0.0015012294
1273, 0.001545153
1273, 0.0016432508
1273, 0.001757282
1274, 0.0019193938
1274, 0.0019657314
1274, 0.0019669768
1274, 0.0021075977
1274, 0.0016619494
1274, 0.0016214566
1274, 0.0016691409
1274, 0.0017228917
1275, 0.002545325
1275, 0.0030489375
1275, 0.0026034962
1275, 0.0029464997
1275, 0.0021954419
1275, 0.0027380174
1275, 0.0022796893
1275, 0.0026617046
1276, 0.0036215135
1276, 0.003870709
1276, 0.0036299843
1276, 0.0038242699
1276, 0.0032177384
1276, 0.0032644325
1276, 0.0032106491
1276, 0.0032024668
1277, 0.0017872123
1277, 0.0017819079
1277, 0.0019091801
1277, 0.0018911972
1277, 0.0013805089
1277, 0.0013814768
1277, 0.0015839871
1277, 0.0015722851
1278, 0.0018810625
1278, 0.0021550104
1278, 0.0020482708
1278, 0.0023445378
1278, 0.0015434133
1278, 0.0018972852
1278, 0.0017169022
1278, 0.0020931023
1279, 0.0026004864
1279, 0.0030582321
1279, 0.0028000681
1279, 0.0032431684
1279, 0.0024272609
1279, 0.0029161365
1279, 0.0025911713
1279, 0.003065389
1280, 0.0036299832
1280, 0.0038723692
1280, 0.0038787718
1280, 0.004105361
1280, 0.003414881
1280, 0.003637944
1280, 0.0036567557
1280, 0.0038640227
1281, 0.0041981954
1281, 0.00409491
1281, 0.004255519
1281, 0.0041764057
1281, 0.0039328593
1281, 0.0037935227
1281, 0.003996444
1281, 0.0038812708
1282, 0.003811825
1282, 0.0035414696
1282, 0.0040456527
1282, 0.003682692
1282, 0.0036099132
1282, 0.0034777152
1282, 0.003712706
1282, 0.0034879735
1283, 0.0031134563
1283, 0.0028852625
1283, 0.0031569
1283, 0.0029523391
1283, 0.003179026
1283, 0.0029012936
1283, 0.0032229817
1283, 0.002968888
1284, 0.0028420324
1284, 0.003069613
1284, 0.002846656
1284, 0.0029398957
1284, 0.0027406912
1284, 0.0030050848
1284, 0.0027510985
1284, 0.0028811542
1285, 0.0030953642
1285, 0.0031265575
1285, 0.0031092833
1285, 0.0032260052
1285, 0.0029971432
1285, 0.0032059138
1285, 0.0030204903
1285, 0.0033147836
1286, 0.0027944087
1286, 0.0023404665
1286, 0.002984092
1286, 0.0026066797
1286, 0.0029035963
1286, 0.0021192636
1286, 0.0030564698
1286, 0.0023486353
1287, 0.0021667222
1287, 0.0019949311
1287, 0.0021563193
1287, 0.002022505
1287, 0.0017720448
1287, 0.0015657133
1287, 0.001862098
1287, 0.0016937143
1288, 0.0024785413
1288, 0.0025224308
1288, 0.00247304
1288, 0.0024480599
1288, 0.0031106672
1288, 0.003002631
1288, 0.0030684255
1288, 0.002891494
1289, 0.0024955103
1289, 0.0026057323
1289, 0.002402406
1289, 0.00253391
1289, 0.0027557698
1289, 0.0025826509
1289, 0.0026559578
1289, 0.00250414
1290, 0.0024276604
1290, 0.0024014858
1290, 0.0023853555
1290, 0.0023655104
1290, 0.002309562
1290, 0.0023280096
1290, 0.0022764346
1290, 0.0023012112
1291, 0.0023224982
1291, 0.0021432987
1291, 0.0022608612
1291, 0.0021212639
1291, 0.00224252
1291, 0.002124036
1291, 0.00217078
1291, 0.0020918928
1292, 0.0018775825
1292, 0.0017327197
1292, 0.0020044912
1292, 0.0018780035
1292, 0.0018599032
1292, 0.0016288658
1292, 0.0019863795
1292, 0.0017737068
1293, 0.001837814
1293, 0.0018959786
1293, 0.0019129396
1293, 0.0020101294
1293, 0.0015639494
1293, 0.0015462579
1293, 0.001678962
1293, 0.0017002638
1294, 0.0019355413
1294, 0.002032154
1294, 0.002162781
1294, 0.0022312829
1294, 0.001782691
1294, 0.0018544435
1294, 0.0019332966
1294, 0.0019769259
1295, 0.00198834
1295, 0.00173147
1295, 0.002179793
1295, 0.0019006658
1295, 0.0017306374
1295, 0.0014644768
1295, 0.0019490148
1295, 0.0016605853
1296, 0.0020257372
1296, 0.0026055318
1296, 0.0020374302
1296, 0.00253871
1296, 0.0016100962
1296, 0.0020730277
1296, 0.0016618323
1296, 0.0020463115
1297, 0.0030680688
1297, 0.003045744
1297, 0.0029336256
1297, 0.0029403837
1297, 0.002649429
1297, 0.0030509776
1297, 0.002497282
1297, 0.0029278628
1298, 0.0028588872
1298, 0.002599669
1298, 0.0028711953
1298, 0.0026559036
1298, 0.0032655245
1298, 0.0032254776
1298, 0.0033102636
1298, 0.0033141815
1299, 0.0013922334
1299, 0.0014445055
1299, 0.0014674314
1299, 0.00167175
1299, 0.0013991726
1299, 0.0013774992
1299, 0.0014704751
1299, 0.0016008442
1300, 0.0018505052
1300, 0.002478778
1300, 0.0020652553
1300, 0.0027575595
1300, 0.0017998072
1300, 0.002594909
1300, 0.0020157867
1300, 0.0028749546
1301, 0.003092294
1301, 0.003435679
1301, 0.0032970305
1301, 0.00363867
1301, 0.0032903883
1301, 0.003703073
1301, 0.0034458735
1301, 0.003856802
1302, 0.0036589103
1302, 0.00369381
1302, 0.003929135
1302, 0.0039700232
1302, 0.0038793941
1302, 0.003842552
1302, 0.004169787
1302, 0.0041389177
1303, 0.003591347
1303, 0.0033701109
1303, 0.003825299
1303, 0.003485892
1303, 0.0036767705
1303, 0.0033076275
1303, 0.0039112773
1303, 0.00342395
1304, 0.0030119254
1304, 0.0026704955
1304, 0.0030899127
1304, 0.0027636716
1304, 0.0028800324
1304, 0.0025498671
1304, 0.0030577143
1304, 0.0027427038
1305, 0.0025358761
1305, 0.0026050154
1305, 0.0026425535
1305, 0.0027035451
1305, 0.002446996
1305, 0.0025291601
1305, 0.0025118517
1305, 0.0025858677
1306, 0.0026308105
1306, 0.0024512664
1306, 0.0028515158
1306, 0.0026635227
1306, 0.0026233564
1306, 0.0024873181
1306, 0.002730318
1306, 0.0025858856
1307, 0.002187175
1307, 0.001956831
1307, 0.0024952728
1307, 0.0022212744
1307, 0.0022465773
1307, 0.0020809574
1307, 0.002627956
1307, 0.0024186801
1308, 0.0017297798
1308, 0.0015158454
1308, 0.0017941
1308, 0.0015583365
1308, 0.0017707796
1308, 0.0014272581
1308, 0.00195805
1308, 0.0015926434
1309, 0.001314
1309, 0.0013725137
1309, 0.0014097296
1309, 0.0014330803
1309, 0.0013478568
1309, 0.0014610081
1309, 0.0013350276
1309, 0.0014129932
1310, 0.0037948987
1310, 0.0038259341
1310, 0.0038751783
1310, 0.0038449627
1310, 0.0038604045
1310, 0.0042143352
1310, 0.0040043313
1310, 0.004297032
1311, 0.003663351
1311, 0.003926939
1311, 0.0038126167
1311, 0.0040075066
1311, 0.004141101
1311, 0.0043689087
1311, 0.0043398365
1311, 0.0044989353
1312, 0.0042214785
1312, 0.0045214565
1312, 0.0042104847
1312, 0.0043954686
1312, 0.004486483
1312, 0.0046186983
1312, 0.0044458658
1312, 0.004463106
1313, 0.0047293026
1313, 0.0047597107
1313, 0.0045442763
1313, 0.0046500666
1313, 0.00483169
1313, 0.004901837
1313, 0.0046259975
1313, 0.0047715195
1314, 0.0048212297
1314, 0.0046647927
1314, 0.0046914043
1314, 0.0045925514
1314, 0.0049572894
1314, 0.0047653606
1314, 0.004813238
1314, 0.0046789018
1315, 0.004552843
1315, 0.0044821887
1315, 0.0045773843
1315, 0.0045514507
1315, 0.004729959
1315, 0.0045858743
1315, 0.0047404347
1315, 0.004641082
1316, 0.004278182
1316, 0.0041934694
1316, 0.004498934
1316, 0.0045054173
1316, 0.004194754
1316, 0.0040915483
1316, 0.0044479785
1316, 0.0044359537
1317, 0.0044574253
1317, 0.0045463583
1317, 0.004681357
1317, 0.0046634017
1317, 0.004306555
1317, 0.004395004
1317, 0.0045861388
1317, 0.0045677
1318, 0.004687616
1318, 0.004530734
1318, 0.004960157
1318, 0.004785997
1318, 0.004895583
1318, 0.00510524
1318, 0.00518586
1318, 0.0053783027
1319, 0.0044384324
1319, 0.004214456
1319, 0.0047044535
1319, 0.004473662
1319, 0.005003628
1319, 0.004501227
1319, 0.005150943
1319, 0.0046417387
1320, 0.004052546
1320, 0.004031524
1320, 0.0041498384
1320, 0.0042359172
1320, 0.004063182
1320, 0.0039230087
1320, 0.0041388343
1320, 0.0041057235
1321, 0.0046404707
1321, 0.004705997
1321, 0.004815889
1321, 0.0048920386
1321, 0.0050327573
1321, 0.005181452
1321, 0.005210221
1321, 0.0053695566
1322, 0.004600836
1322, 0.0045002997
1322, 0.0046940576
1322, 0.004554552
1322, 0.0050913705
1322, 0.0050706863
1322, 0.0051608738
1322, 0.0051011997
1323, 0.004294856
1323, 0.0039510247
1323, 0.0042554582
1323, 0.0039521754
1323, 0.004650962
1323, 0.004137407
1323, 0.004667105
1323, 0.0041940697
1324, 0.0039089075
1324, 0.0042044194
1324, 0.0038599938
1324, 0.004112919
1324, 0.0040544253
1324, 0.0042834072
1324, 0.004010355
1324, 0.0041967565
1325, 0.0044487542
1325, 0.004664633
1325, 0.0045143147
1325, 0.0048237
1325, 0.0045841513
1325, 0.0049753804
1325, 0.004696413
1325, 0.005181194
1326, 0.004946892
1326, 0.005112581
1326, 0.005128051
1326, 0.0052667293
1326, 0.0053660893
1326, 0.0054204036
1326, 0.005507561
1326, 0.0055348384
1327, 0.0050804466
1327, 0.005023321
1327, 0.005071471
1327, 0.0049703266
1327, 0.005301138
1327, 0.005298379
1327, 0.0053169727
1327, 0.0052701915
1328, 0.0049067833
1328, 0.0042680264
1328, 0.004782428
1328, 0.004001008
1328, 0.0051460355
1328, 0.0044583124
1328, 0.0049717682
1328, 0.0041414723
1329, 0.0043917377
1329, 0.0047420906
1329, 0.0039623524
1329, 0.004492364
1329, 0.004592464
1329, 0.0045408686
1329, 0.004118163
1329, 0.0042463536
1330, 0.00480871
1330, 0.004576572
1330, 0.004881757
1330, 0.004684991
1330, 0.004331149
1330, 0.0044060987
1330, 0.004320852
1330, 0.004431179
1331, 0.0045190332
1331, 0.0047988477
1331, 0.0045587705
1331, 0.0047742105
1331, 0.00456838
1331, 0.0049469746
1331, 0.0047149374
1331, 0.0050292145
